TITLE = "Aircraft Slices"
VARIABLES = "x (m)", "y (m)", "z (m)", "x<sub>2D</sub>/c", "y<sub>2D</sub>/c"
ZONE T="<greek>h</greek> = 5.38602e-20 ", I= 85, F=POINT
0.998409 9.76141e-20 0.00159421 1 -2.17186e-19
0.998897 6.77063e-20 0.00110576 1.00049 -0.000490007
0.955786 4.86314e-08 -0.00441435 0.9573 -0.00594996
0.955786 4.86314e-08 -0.00441436 0.9573 -0.00594997
0.907512 1.00264e-07 -0.00777321 0.908944 -0.00923696
0.907512 1.00264e-07 -0.00777321 0.908943 -0.00923697
0.859233 1.51829e-07 -0.0110593 0.860582 -0.012451
0.859233 1.51829e-07 -0.0110593 0.860582 -0.012451
0.81095 2.03343e-07 -0.0142907 0.812218 -0.0156104
0.81095 2.03343e-07 -0.0142908 0.812218 -0.0156105
0.762665 2.54814e-07 -0.0174764 0.76385 -0.018724
0.762664 2.54815e-07 -0.0174765 0.76385 -0.018724
0.714376 3.06243e-07 -0.020616 0.71548 -0.0217913
0.714376 3.06243e-07 -0.020616 0.715479 -0.0217914
0.666084 3.57618e-07 -0.0236988 0.667105 -0.0248018
0.666083 3.57618e-07 -0.0236988 0.667105 -0.0248018
0.617786 4.08919e-07 -0.0267033 0.618727 -0.0277338
0.617786 4.0892e-07 -0.0267033 0.618726 -0.0277339
0.569482 4.60116e-07 -0.0295957 0.570341 -0.0305536
0.569482 4.60117e-07 -0.0295957 0.57034 -0.0305536
0.521169 5.11163e-07 -0.0323294 0.521946 -0.0332144
0.521168 5.11164e-07 -0.0323295 0.521946 -0.0332144
0.472844 5.62001e-07 -0.0348425 0.47354 -0.0356542
0.472843 5.62002e-07 -0.0348425 0.473539 -0.0356542
0.424504 6.12553e-07 -0.0370546 0.42512 -0.0377925
0.424503 6.12554e-07 -0.0370546 0.425119 -0.0377925
0.376149 6.62765e-07 -0.038912 0.376685 -0.0395755
0.376148 6.62766e-07 -0.038912 0.376684 -0.0395755
0.376148 6.62767e-07 -0.038912 0.376684 -0.0395755
0.327785 7.1274e-07 -0.0405221 0.328241 -0.0411108
0.327784 7.1274e-07 -0.0405221 0.328241 -0.0411108
0.27941 7.62339e-07 -0.041747 0.279787 -0.0422603
0.279409 7.6234e-07 -0.041747 0.279787 -0.0422603
0.231024 8.11335e-07 -0.0423568 0.231323 -0.0427937
0.231023 8.11336e-07 -0.0423568 0.231322 -0.0427937
0.182635 8.59389e-07 -0.0420223 0.182858 -0.0423812
0.182634 8.5939e-07 -0.0420222 0.182857 -0.0423812
0.13428 9.05961e-07 -0.0402391 0.134429 -0.0405179
0.134279 9.05962e-07 -0.040239 0.134428 -0.0405178
0.0860781 9.49993e-07 -0.0360691 0.0861569 -0.0362642
0.0860771 9.49994e-07 -0.036069 0.0861559 -0.036264
0.0385111 9.88864e-07 -0.0273732 0.0385282 -0.0274784
0.0385103 9.88864e-07 -0.0273726 0.0385273 -0.0274778
5.00001e-07 1e-06 0 0 0
0.0331086 9.32615e-07 0.0342785 0.0332156 0.0342801
0.0331094 9.32613e-07 0.0342792 0.0332164 0.0342808
0.0790518 8.70099e-07 0.0508515 0.0792584 0.050806
0.0790527 8.70098e-07 0.0508518 0.0792594 0.0508063
0.126641 8.11377e-07 0.0619835 0.126941 0.0618796
0.126642 8.11376e-07 0.0619837 0.126942 0.0618798
0.174915 7.55416e-07 0.0696721 0.175304 0.0695033
0.174916 7.55414e-07 0.0696723 0.175305 0.0695034
0.223529 7.0167e-07 0.0748031 0.224004 0.0745647
0.22353 7.01669e-07 0.0748032 0.224005 0.0745648
0.27232 6.49826e-07 0.0778556 0.272878 0.077544
0.272321 6.49825e-07 0.0778556 0.272879 0.077544
0.321191 5.99671e-07 0.079141 0.321828 0.0787533
0.321191 5.9967e-07 0.079141 0.321829 0.0787533
0.370077 5.51045e-07 0.0788806 0.370792 0.0784143
0.370078 5.51044e-07 0.0788806 0.370793 0.0784143
0.418938 5.03807e-07 0.0772574 0.419728 0.0767103
0.418939 5.03806e-07 0.0772573 0.419729 0.0767103
0.467756 4.57619e-07 0.0746267 0.46862 0.0739974
0.467757 4.57619e-07 0.0746267 0.46862 0.0739974
0.516522 4.12318e-07 0.0711627 0.517458 0.0704499
0.516523 4.12317e-07 0.0711626 0.517458 0.0704498
0.565229 3.67828e-07 0.0669453 0.566235 0.0661479
0.565229 3.67828e-07 0.0669452 0.566236 0.0661478
0.613871 3.24093e-07 0.0620385 0.614947 0.0611555
0.613871 3.24093e-07 0.0620385 0.614947 0.0611555
0.662444 2.81068e-07 0.0564906 0.663589 0.0555211
0.662445 2.81067e-07 0.0564906 0.663589 0.0555211
0.710944 2.38721e-07 0.0503368 0.712156 0.04928
0.710945 2.38721e-07 0.0503368 0.712156 0.0492799
0.759367 1.97035e-07 0.0436005 0.760645 0.0424554
0.759367 1.97035e-07 0.0436004 0.760645 0.0424554
0.807707 1.56002e-07 0.0362935 0.80905 0.0350595
0.807707 1.56002e-07 0.0362935 0.809051 0.0350595
0.855958 1.15627e-07 0.0284179 0.857365 0.0270942
0.855958 1.15627e-07 0.0284179 0.857365 0.0270942
0.904111 7.59262e-08 0.0199661 0.905581 0.0185519
0.904111 7.59262e-08 0.019966 0.905581 0.0185519
0.952156 3.69261e-08 0.0109212 0.953688 0.00941583
0.952156 3.6926e-08 0.0109212 0.953688 0.00941583
0.998409 9.76141e-20 0.00159421 1 -2.17186e-19
ZONE T="<greek>h</greek> = 0.0367845 ", I= 89, F=POINT
0.981172 0.0666667 -0.00216823 1 4.57546e-19
1.00749 0.0666667 0.00122462 1.02775 0.00364305
0.97654 0.0666667 0.00745043 0.995089 0.0101368
0.961235 0.0666667 0.0105489 0.978934 0.0133688
0.950639 0.0666667 0.0125855 0.967751 0.0154919
0.915406 0.0666667 0.0191835 0.930563 0.022368
0.903657 0.0666667 0.0212923 0.918162 0.0245644
0.876987 0.0666668 0.025992 0.890013 0.0294584
0.844563 0.0666668 0.0313765 0.855792 0.0350608
0.833901 0.0666668 0.0331586 0.844539 0.0369153
0.821901 0.0666668 0.035025 0.831875 0.0388555
0.789736 0.0666668 0.0400068 0.797927 0.0440337
0.768057 0.0666669 0.0431259 0.775049 0.0472722
0.744537 0.0666669 0.0464984 0.750226 0.0507734
0.715051 0.0666669 0.0504337 0.719108 0.0548542
0.706415 0.0666669 0.0515631 0.709994 0.0560249
0.674503 0.0666669 0.0554822 0.676316 0.0600826
0.652814 0.066667 0.0580403 0.653427 0.0627291
0.625159 0.066667 0.0610545 0.624244 0.0658425
0.604788 0.066667 0.0631647 0.602747 0.0680196
0.584569 0.066667 0.0651358 0.581411 0.0700503
0.560275 0.066667 0.0672208 0.555774 0.0721915
0.537648 0.0666671 0.069221 0.531898 0.0742471
0.497446 0.0666671 0.0721295 0.489477 0.0772187
0.49448 0.0666671 0.0723399 0.486347 0.0774335
0.492507 0.0666671 0.0724476 0.484265 0.0775423
0.448812 0.0666671 0.0749087 0.438159 0.0800334
0.415349 0.0666672 0.076159 0.402852 0.0812717
0.404085 0.0666672 0.0765989 0.390967 0.0817086
0.374732 0.0666672 0.0770747 0.359998 0.0821398
0.370697 0.0666672 0.077134 0.35574 0.0821926
0.36786 0.0666672 0.0770972 0.352748 0.0821469
0.330484 0.0666673 0.0767358 0.313316 0.0816754
0.314061 0.0666673 0.0764136 0.29599 0.0812959
0.278443 0.0666673 0.0747165 0.258417 0.0794195
0.266935 0.0666673 0.0740405 0.246277 0.0786785
0.243994 0.0666674 0.0722044 0.222077 0.0766859
0.217916 0.0666674 0.0692358 0.194572 0.0734911
0.199991 0.0666674 0.0673657 0.175665 0.0714748
0.162408 0.0666674 0.0613372 0.136029 0.0650239
0.159258 0.0666674 0.0608594 0.132707 0.0645122
0.153477 0.0666675 0.0595798 0.12661 0.0631482
0.11455 0.0666675 0.050704 0.0855629 0.0536901
0.0964912 0.0666675 0.0442411 0.0665259 0.0468279
0.067251 0.0666676 0.0340702 0.0357013 0.0360268
0.0507818 0.0666676 0.0172211 0.0183666 0.0182108
0.0333338 0.0666676 0 0 0
0.0531201 0.0666676 -0.0142879 0.0209096 -0.0150264
0.0704085 0.0666676 -0.0265736 0.0391789 -0.0279464
0.0995709 0.0666676 -0.0318155 0.0699586 -0.0334064
0.120874 0.0666676 -0.035578 0.0924435 -0.0373244
0.147412 0.0666676 -0.0377598 0.120447 -0.0395623
0.168931 0.0666675 -0.0394558 0.143154 -0.0412997
0.196845 0.0666675 -0.0403943 0.172606 -0.0422224
0.217436 0.0666675 -0.0410438 0.194331 -0.042858
0.248828 0.0666675 -0.0411989 0.227451 -0.0429458
0.262202 0.0666674 -0.0412376 0.241561 -0.0429544
0.292845 0.0666674 -0.0408313 0.27389 -0.0424517
0.311307 0.0666674 -0.0405441 0.293367 -0.0421042
0.326218 0.0666674 -0.0401619 0.309098 -0.041665
0.349309 0.0666674 -0.0395686 0.333458 -0.0409833
0.370546 0.0666673 -0.0388902 0.355861 -0.0402164
0.388724 0.0666673 -0.0382881 0.375039 -0.0395372
0.409109 0.0666673 -0.0375587 0.396543 -0.0387185
0.430317 0.0666673 -0.036705 0.418916 -0.0377667
0.453686 0.0666672 -0.0357999 0.443569 -0.0367553
0.479323 0.0666672 -0.0346156 0.470614 -0.035444
0.499814 0.0666672 -0.0336455 0.49223 -0.0343711
0.515556 0.0666672 -0.0328104 0.508837 -0.0334521
0.552639 0.0666671 -0.0308493 0.547955 -0.0312935
0.572028 0.0666671 -0.0297354 0.568408 -0.0300716
0.599826 0.0666671 -0.0281358 0.597732 -0.0283168
0.639604 0.0666671 -0.0257284 0.639693 -0.0256809
0.647075 0.066667 -0.025275 0.647574 -0.0251846
0.652379 0.066667 -0.0249425 0.653169 -0.024821
0.696271 0.066667 -0.0221896 0.69947 -0.0218106
0.706721 0.066667 -0.0215197 0.710493 -0.0210787
0.743003 0.0666669 -0.0191884 0.748766 -0.0185316
0.757395 0.0666669 -0.0182491 0.763948 -0.0175058
0.780517 0.0666669 -0.016741 0.788339 -0.0158589
0.800045 0.0666669 -0.0154554 0.808938 -0.0144554
0.828641 0.0666669 -0.0135607 0.839102 -0.0123875
0.85442 0.0666668 -0.0118385 0.866297 -0.0105083
0.876769 0.0666668 -0.0103332 0.889871 -0.00886619
0.904488 0.0666668 -0.00844938 0.919111 -0.00681185
0.92156 0.0666668 -0.0072773 0.93712 -0.00553407
0.957035 0.0666667 -0.00481067 0.974541 -0.00284609
0.967438 0.0666667 -0.00408085 0.985514 -0.00205101
0.981172 0.0666667 -0.00216823 1 0
ZONE T="<greek>h</greek> = 0.0735689 ", I= 90, F=POINT
0.987787 0.133333 -0.00227167 1 4.70818e-19
1.01489 0.133333 0.00119202 1.02942 0.00383284
0.985487 0.133333 0.00712319 0.997478 0.0101932
0.969782 0.133333 0.0102905 0.980419 0.0135897
0.960309 0.133333 0.0120749 0.970131 0.0155015
0.924229 0.133333 0.0188706 0.930942 0.0227824
0.890366 0.133333 0.0248319 0.894164 0.0291635
0.88187 0.133333 0.0263281 0.884937 0.0307651
0.869828 0.133333 0.0283136 0.871859 0.0328884
0.839804 0.133333 0.0332552 0.83925 0.0381727
0.819794 0.133333 0.0363219 0.817519 0.0414485
0.797786 0.133333 0.0397078 0.793618 0.0450654
0.762848 0.133334 0.0446924 0.755675 0.0503832
0.755892 0.133334 0.0456812 0.748119 0.0514381
0.751273 0.133334 0.0462845 0.743103 0.0520807
0.713645 0.133334 0.0512333 0.702241 0.0573525
0.680397 0.133334 0.0552139 0.666135 0.061585
0.670709 0.133334 0.0563826 0.655614 0.0628278
0.656902 0.133334 0.0578773 0.640621 0.0644135
0.627462 0.133334 0.0610424 0.608652 0.0677708
0.608864 0.133334 0.0627976 0.588457 0.0696266
0.585725 0.133334 0.0650107 0.56333 0.0719672
0.551322 0.133334 0.0678309 0.525973 0.0749367
0.543115 0.133334 0.0684923 0.517062 0.0756329
0.537545 0.133334 0.0688555 0.511014 0.0760122
0.500549 0.133334 0.071339 0.470843 0.0786093
0.466605 0.133334 0.0730507 0.433988 0.0803767
0.45792 0.133334 0.0735077 0.424558 0.0808495
0.444335 0.133334 0.073954 0.409809 0.0812977
0.415609 0.133334 0.0748196 0.378621 0.0821605
0.396686 0.133334 0.0748728 0.358077 0.0821676
0.372878 0.133334 0.0750419 0.33223 0.0822875
0.337518 0.133334 0.0742265 0.293845 0.0813075
0.329387 0.133334 0.0740026 0.285018 0.0810427
0.324016 0.133334 0.0736664 0.279188 0.0806633
0.286456 0.133334 0.0715281 0.238418 0.0782413
0.252978 0.133334 0.0683295 0.202081 0.0746793
0.246345 0.133334 0.0677411 0.194882 0.0740227
0.236819 0.133334 0.0665119 0.184544 0.0726628
0.209648 0.133334 0.0627093 0.155056 0.0684618
0.195033 0.133334 0.0600377 0.139197 0.0655223
0.178925 0.133334 0.0572135 0.121717 0.0624132
0.154647 0.133334 0.0512843 0.095376 0.0559112
0.141251 0.133334 0.048108 0.080842 0.0524271
0.105509 0.133334 0.035199 0.0420738 0.038317
0.0986622 0.133334 0.0327433 0.034647 0.0356327
0.0734844 0.133334 0.00696959 0.00738236 0.00758463
0.0666671 0.133334 0 0 0
0.0757837 0.133334 -0.00637582 0.00991428 -0.00689736
0.103948 0.133334 -0.0261124 0.0405425 -0.0282485
0.109459 0.133334 -0.0270866 0.0465288 -0.0292915
0.154581 0.133334 -0.0349379 0.0955353 -0.0376942
0.158892 0.133334 -0.0352773 0.100217 -0.0380512
0.202302 0.133334 -0.0385909 0.147352 -0.0415322
0.210259 0.133334 -0.0388402 0.155991 -0.0417815
0.247863 0.133334 -0.0399825 0.196818 -0.042921
0.260033 0.133334 -0.0400173 0.21003 -0.0429262
0.291722 0.133334 -0.0401268 0.244433 -0.0429603
0.305377 0.133334 -0.0399606 0.259257 -0.0427432
0.328636 0.133334 -0.0396332 0.284506 -0.0423255
0.343916 0.133334 -0.0392891 0.301094 -0.0419111
0.381867 0.133334 -0.0382856 0.342292 -0.04072
0.387838 0.133334 -0.03809 0.348774 -0.0404916
0.433714 0.133334 -0.0365145 0.398575 -0.0386585
0.434 0.133334 -0.0365035 0.398884 -0.0386458
0.436268 0.133334 -0.036412 0.401347 -0.0385403
0.479979 0.133334 -0.0346584 0.448796 -0.0365195
0.485756 0.133334 -0.0344103 0.455067 -0.0362347
0.525957 0.133334 -0.0324754 0.498705 -0.0340266
0.537908 0.133334 -0.0318715 0.511678 -0.033339
0.573801 0.133334 -0.029925 0.550638 -0.0311296
0.590554 0.133334 -0.0289874 0.568824 -0.030067
0.620041 0.133334 -0.0272628 0.600832 -0.0281157
0.642361 0.133334 -0.0259292 0.625059 -0.0266081
0.665737 0.133334 -0.0244944 0.650433 -0.0249879
0.694399 0.133334 -0.0227087 0.681544 -0.0229726
0.711754 0.133334 -0.0216091 0.700383 -0.0217323
0.746817 0.133334 -0.0193645 0.738442 -0.0192016
0.757513 0.133334 -0.0186719 0.750052 -0.0184211
0.799159 0.133334 -0.0159549 0.795257 -0.0153599
0.802958 0.133334 -0.015705 0.79938 -0.0150785
0.834085 0.133334 -0.0136428 0.833167 -0.0127564
0.849205 0.133333 -0.0126416 0.849579 -0.0116289
0.851172 0.133333 -0.0125103 0.851714 -0.0114812
0.893531 0.133333 -0.00966099 0.897693 -0.00827442
0.904309 0.133333 -0.00892835 0.909392 -0.00745018
0.932574 0.133333 -0.00699435 0.940072 -0.00527491
0.962922 0.133333 -0.00487915 0.973013 -0.00289733
0.972461 0.133333 -0.00421597 0.983366 -0.00215183
0.987787 0.133333 -0.00227167 1 4.70818e-19
ZONE T="<greek>h</greek> = 0.110353 ", I= 85, F=POINT
1.01441 0.2 0.00274588 1 4.7427e-19
1.0223 0.2 0.00115943 1.00861 -0.00176081
1.0144 0.2 0.000168412 0.999976 -0.00281864
0.979582 0.2 -0.00420246 0.961885 -0.00748423
0.949369 0.2 -0.00630958 0.928839 -0.00968934
0.947139 0.2 -0.00646475 0.926399 -0.00985171
0.911834 0.2 -0.00888148 0.887782 -0.0123787
0.89982 0.2 -0.00969701 0.874641 -0.0132311
0.865787 0.2 -0.011984 0.837415 -0.0156203
0.847726 0.2 -0.0131881 0.81766 -0.0168778
0.819907 0.2 -0.0150273 0.787232 -0.0187977
0.795698 0.2 -0.0166165 0.760752 -0.0204562
0.773866 0.2 -0.0180365 0.736872 -0.0219375
0.743647 0.2 -0.0199861 0.703819 -0.0239702
0.727922 0.2 -0.0209879 0.686618 -0.0250141
0.691616 0.2 -0.0232748 0.646907 -0.0273959
0.681981 0.2 -0.0238698 0.636369 -0.0280149
0.639529 0.2 -0.0264481 0.589935 -0.0306951
0.635959 0.2 -0.0266581 0.58603 -0.0309131
0.60767 0.2 -0.0282813 0.555088 -0.0325952
0.589666 0.2 -0.0293163 0.535396 -0.033668
0.587364 0.2 -0.0294448 0.532879 -0.033801
0.542568 0.2 -0.0318004 0.483882 -0.0362299
0.53445 0.2 -0.0322092 0.475003 -0.0366502
0.496514 0.200001 -0.0339387 0.433511 -0.0384171
0.48237 0.200001 -0.0345427 0.418041 -0.0390311
0.450538 0.200001 -0.0357407 0.383226 -0.0402368
0.430182 0.200001 -0.036469 0.360963 -0.0409664
0.404506 0.200001 -0.0372751 0.332881 -0.0417636
0.377955 0.200001 -0.0380376 0.303843 -0.0425103
0.358301 0.200001 -0.0384405 0.282348 -0.0428863
0.327149 0.200001 -0.0389571 0.248279 -0.0433489
0.31251 0.200001 -0.0389885 0.23227 -0.0433352
0.278872 0.200001 -0.0389231 0.195484 -0.0431532
0.265829 0.200001 -0.038581 0.181222 -0.0427363
0.23471 0.200001 -0.0376687 0.147193 -0.0416364
0.216936 0.200001 -0.0363796 0.127759 -0.0401683
0.187078 0.200001 -0.034153 0.0951151 -0.0376353
0.16659 0.200001 -0.0306545 0.0727211 -0.033742
0.137284 0.200001 -0.0256148 0.0406892 -0.0281345
0.119875 0.200001 -0.0136107 0.02169 -0.0149497
0.1 0.200001 0 0 0
0.117346 0.200001 0.0179104 0.0190275 0.0195297
0.130267 0.200001 0.0315064 0.0332029 0.0343557
0.162797 0.200001 0.0430692 0.0688145 0.0468938
0.173179 0.200001 0.0469434 0.0801818 0.0510964
0.189998 0.200001 0.051124 0.0985877 0.055613
0.21206 0.200001 0.0561797 0.122732 0.0610694
0.233055 0.200001 0.0596236 0.145702 0.0647667
0.252648 0.200001 0.0630522 0.16714 0.0684518
0.279585 0.200001 0.0662732 0.196609 0.0718858
0.295034 0.200001 0.0679938 0.213509 0.0737168
0.305557 0.200001 0.0687134 0.22502 0.0744691
0.337602 0.200001 0.0711164 0.260071 0.0769917
0.376838 0.200001 0.0725881 0.302984 0.0784724
0.38026 0.200001 0.0727356 0.306727 0.0786225
0.385379 0.200001 0.0727852 0.312325 0.0786598
0.422971 0.200001 0.0729935 0.353436 0.0787642
0.447998 0.2 0.0724106 0.380804 0.0780445
0.465633 0.2 0.072069 0.400088 0.0776131
0.492135 0.2 0.0709085 0.429067 0.0762569
0.508275 0.2 0.0701661 0.446715 0.075392
0.518942 0.2 0.0694881 0.458377 0.0746155
0.550853 0.2 0.067525 0.493268 0.072364
0.59008 0.2 0.0644798 0.536156 0.0689049
0.593604 0.2 0.0642124 0.540009 0.0686009
0.598869 0.2 0.0637341 0.545765 0.0680606
0.63608 0.2 0.0603106 0.586448 0.0641945
0.660682 0.2 0.057715 0.613344 0.0612752
0.678506 0.2 0.0558562 0.632829 0.0591839
0.705391 0.2 0.0527072 0.662221 0.0556518
0.720872 0.2 0.0508818 0.679144 0.0536048
0.7311 0.2 0.0495526 0.690326 0.0521176
0.763177 0.2 0.0454116 0.72539 0.0474837
0.801578 0.2 0.0400016 0.767367 0.0414413
0.805443 0.2 0.0394599 0.771593 0.0408362
0.811281 0.2 0.0385734 0.777974 0.0398476
0.847616 0.2 0.0330401 0.817692 0.0336771
0.871787 0.2 0.0290797 0.844112 0.0292667
0.889815 0.2 0.0261343 0.863817 0.0259865
0.918266 0.2 0.0211447 0.894914 0.0204365
0.933003 0.2 0.0185563 0.911022 0.0175574
0.942611 0.2 0.0167478 0.921523 0.0155482
0.976739 0.2 0.0103364 0.958824 0.00842463
1.01441 0.2 0.00274588 1 -1.42281e-18
ZONE T="<greek>h</greek> = 0.147138 ", I= 85, F=POINT
0.995443 0.266667 -0.00313429 1 0
1.0297 0.266667 0.00112683 1.03972 0.00508707
0.993444 0.266667 0.00840361 0.997633 0.0133747
0.981353 0.266667 0.0108346 0.983598 0.0161436
0.962014 0.266667 0.0144485 0.96115 0.0202538
0.937978 0.266667 0.0189275 0.933251 0.0253479
0.923383 0.266667 0.0214605 0.916311 0.0282243
0.896079 0.266667 0.0262201 0.884621 0.03363
0.858972 0.266667 0.0322441 0.841554 0.040461
0.854891 0.266667 0.032904 0.836817 0.0412092
0.851985 0.266667 0.0333396 0.833445 0.0417023
0.812886 0.266667 0.0392327 0.788067 0.048373
0.782501 0.266667 0.0434502 0.752805 0.0531368
0.770905 0.266667 0.045069 0.739348 0.0549656
0.752867 0.266667 0.0473696 0.718416 0.0575581
0.728674 0.266667 0.0504386 0.690341 0.0610159
0.712901 0.266667 0.0522395 0.672037 0.0630383
0.686336 0.266667 0.0553014 0.64121 0.0664778
0.646201 0.266667 0.0593961 0.59464 0.0710581
0.643857 0.266667 0.0596327 0.59192 0.0713227
0.642291 0.266667 0.0597682 0.590103 0.0714732
0.601247 0.266667 0.0633831 0.542479 0.0754932
0.571433 0.266667 0.0655459 0.507888 0.0778762
0.558648 0.266667 0.0664973 0.493054 0.0789258
0.539493 0.266667 0.0676006 0.470831 0.0801247
0.516015 0.266667 0.0689086 0.443593 0.081543
0.500393 0.266667 0.0694604 0.42547 0.0821171
0.473342 0.266667 0.0705025 0.394089 0.0832118
0.432621 0.266667 0.0709785 0.346854 0.0835923
0.430639 0.266667 0.0709942 0.344555 0.0836021
0.429325 0.266667 0.0709624 0.343031 0.0835597
0.387958 0.266667 0.0701781 0.295051 0.0824754
0.358077 0.266667 0.068548 0.260398 0.0804587
0.345329 0.266667 0.0679301 0.245613 0.0796882
0.326549 0.266667 0.0662633 0.223837 0.0776756
0.302874 0.266667 0.0639874 0.196384 0.0749359
0.286255 0.266667 0.0615384 0.177118 0.0720252
0.260765 0.266667 0.0580287 0.147566 0.0678466
0.223149 0.266667 0.0503002 0.103968 0.0587235
0.216147 0.266667 0.0487658 0.0958514 0.0569141
0.213554 0.266667 0.0479789 0.0928478 0.0559905
0.199058 0.266667 0.0429753 0.0760541 0.0501255
0.17058 0.266667 0.033636 0.0430614 0.0391724
0.164799 0.266667 0.0314541 0.0363652 0.0366173
0.144574 0.266668 0.01114 0.0129906 0.012969
0.133334 0.266668 0 0 0
0.153131 0.266668 -0.0132981 0.0230198 -0.0153414
0.170706 0.266668 -0.0251483 0.0434549 -0.0290127
0.174054 0.266668 -0.0257199 0.0473406 -0.0296616
0.220102 0.266667 -0.0334181 0.100786 -0.0383968
0.223859 0.266667 -0.0336901 0.105146 -0.0386964
0.268572 0.266667 -0.0368018 0.157022 -0.0421173
0.274337 0.266667 -0.0369526 0.16371 -0.0422679
0.31749 0.266667 -0.0379334 0.213769 -0.0432235
0.3241 0.266667 -0.03792 0.221435 -0.0431801
0.372938 0.266667 -0.0376151 0.278083 -0.0426205
0.373608 0.266667 -0.0376016 0.27886 -0.042602
0.378884 0.266667 -0.0374758 0.284979 -0.0424338
0.421202 0.266667 -0.0364805 0.33406 -0.0411009
0.426647 0.266667 -0.0363321 0.340376 -0.0409057
0.46722 0.266667 -0.0349801 0.387432 -0.0391665
0.479001 0.266667 -0.0345646 0.401096 -0.0386348
0.513487 0.266667 -0.0332001 0.441091 -0.0369067
0.531259 0.266667 -0.0324465 0.461703 -0.0359576
0.559579 0.266667 -0.031089 0.494546 -0.0342636
0.583637 0.266667 -0.0298741 0.522446 -0.032753
0.606169 0.266667 -0.0286502 0.548577 -0.0312383
0.635993 0.266667 -0.0269749 0.583164 -0.0291693
0.652567 0.266667 -0.0260015 0.602384 -0.0279703
0.688154 0.266667 -0.023865 0.643653 -0.0253421
0.698632 0.266667 -0.0232187 0.655804 -0.0245481
0.74033 0.266667 -0.0206083 0.704161 -0.0213445
0.744732 0.266667 -0.0203281 0.709266 -0.0210009
0.77782 0.266667 -0.0182005 0.747636 -0.0183935
0.790835 0.266667 -0.0173643 0.762729 -0.0173686
0.792547 0.266667 -0.0172532 0.764715 -0.0172326
0.836393 0.266667 -0.0143823 0.81556 -0.0137176
0.844166 0.266667 -0.0138696 0.824574 -0.0130902
0.882454 0.266667 -0.0113221 0.868975 -0.00997376
0.89634 0.266667 -0.0103908 0.885078 -0.00883492
0.932475 0.266667 -0.00794013 0.926981 -0.00583999
0.946909 0.266667 -0.00695478 0.94372 -0.00463617
0.976336 0.266667 -0.00490852 0.977845 -0.00213856
0.987404 0.266667 -0.00413947 0.99068 -0.00119984
0.995443 0.266667 -0.00313429 1 1.00609e-18
ZONE T="<greek>h</greek> = 0.183922 ", I= 81, F=POINT
1.01348 0.333333 -0.00156208 1 0
1.03711 0.333333 0.00109424 1.0279 0.0031883
1.01328 0.333333 0.0058747 0.999742 0.00878161
0.988966 0.333333 0.0107514 0.971025 0.0144875
0.976937 0.333333 0.0129779 0.956816 0.0170906
0.941542 0.333333 0.0195433 0.915003 0.0247666
0.900888 0.333333 0.0265351 0.866981 0.0329346
0.89986 0.333333 0.0267128 0.865766 0.0331421
0.89857 0.333333 0.0269203 0.864242 0.0333844
0.859237 0.333333 0.0332115 0.81778 0.040728
0.830042 0.333333 0.0375396 0.783295 0.0457754
0.819337 0.333333 0.0391373 0.770649 0.0476387
0.801995 0.333333 0.0415179 0.750165 0.0504122
0.778349 0.333334 0.0447487 0.722235 0.054176
0.763923 0.333334 0.0465399 0.705195 0.0562597
0.736461 0.333334 0.0499772 0.672758 0.060259
0.694443 0.333334 0.0546885 0.623129 0.065731
0.694032 0.333334 0.0547351 0.622643 0.0657851
0.693403 0.333334 0.0547977 0.6219 0.0658578
0.651592 0.333334 0.0589167 0.572517 0.0706307
0.623823 0.333334 0.0612349 0.53972 0.0733078
0.608959 0.333334 0.0625006 0.522164 0.0747701
0.586763 0.333334 0.0640317 0.49595 0.0765298
0.566376 0.333334 0.0654037 0.471871 0.0781056
0.552838 0.333334 0.0660648 0.455884 0.0788568
0.523733 0.333334 0.0675596 0.42151 0.0805586
0.481807 0.333334 0.0687642 0.371997 0.0818898
0.481045 0.333334 0.0687889 0.371097 0.0819173
0.4799 0.333334 0.0687928 0.369745 0.0819194
0.438256 0.333334 0.0687648 0.320568 0.0817956
0.410465 0.333334 0.0677951 0.287753 0.0805899
0.395319 0.333334 0.0673542 0.269868 0.0800363
0.373024 0.333334 0.0658495 0.243543 0.0782108
0.352437 0.333334 0.064323 0.219234 0.0763634
0.337246 0.333334 0.0624397 0.2013 0.0741063
0.30854 0.333334 0.0591663 0.167408 0.0701783
0.286497 0.333334 0.0556119 0.141385 0.0659329
0.26872 0.333334 0.0521048 0.1204 0.0617526
0.238347 0.333334 0.0450272 0.084548 0.0533286
0.217243 0.333334 0.0377238 0.0596432 0.0446581
0.190492 0.333334 0.0276215 0.0280748 0.03267
0.179405 0.333334 0.0156357 0.0150076 0.0184919
0.166667 0.333334 0 0 0
0.184299 0.333334 -0.0116746 0.020847 -0.0137481
0.204052 0.333334 -0.0246833 0.0442015 -0.0290669
0.231657 0.333334 -0.0291806 0.07681 -0.0343176
0.253732 0.333334 -0.0327344 0.102886 -0.0384662
0.281822 0.333334 -0.0345969 0.136062 -0.0406045
0.302113 0.333334 -0.0359024 0.160025 -0.042102
0.338068 0.333334 -0.0365625 0.202486 -0.0428031
0.354378 0.333334 -0.036877 0.221747 -0.0431389
0.375167 0.333334 -0.0367631 0.246297 -0.0429592
0.397016 0.333334 -0.0365446 0.272097 -0.0426535
0.424316 0.333334 -0.0360122 0.304335 -0.0419654
0.438062 0.333334 -0.0356415 0.320567 -0.0414977
0.475313 0.333334 -0.0345204 0.364554 -0.0400926
0.484167 0.333334 -0.0342092 0.375009 -0.0397058
0.527562 0.333334 -0.0326024 0.42625 -0.0377138
0.530431 0.333334 -0.0324815 0.429637 -0.0375648
0.55247 0.333334 -0.031485 0.455662 -0.0363401
0.576617 0.333334 -0.0303991 0.484174 -0.0350051
0.579782 0.333334 -0.0302474 0.487911 -0.0348191
0.623092 0.333334 -0.0279757 0.53905 -0.0320421
0.632366 0.333334 -0.0274693 0.550002 -0.031424
0.669207 0.333334 -0.0253474 0.593502 -0.0288379
0.684531 0.333334 -0.0244417 0.611596 -0.027735
0.715359 0.333334 -0.0225602 0.647996 -0.025446
0.736813 0.333334 -0.0212285 0.673329 -0.0238267
0.761453 0.333334 -0.019669 0.702423 -0.0219314
0.78883 0.333334 -0.017917 0.734748 -0.0198029
0.807201 0.333334 -0.0167268 0.75644 -0.0183572
0.841031 0.333334 -0.0145167 0.796385 -0.0156737
0.85313 0.333333 -0.0137191 0.810671 -0.0147054
0.892796 0.333333 -0.0110841 0.857506 -0.0115074
0.899206 0.333333 -0.0106544 0.865075 -0.010986
0.936615 0.333333 -0.00812543 0.909245 -0.00791807
0.941472 0.333333 -0.00779724 0.914981 -0.00751993
0.942174 0.333333 -0.00774944 0.915809 -0.00746196
0.977603 0.333333 -0.00530617 0.957642 -0.00449953
0.986216 0.333333 -0.00470811 0.967811 -0.00377453
1.01348 0.333333 -0.00156208 1 5.12132e-19
ZONE T="<greek>h</greek> = 0.220707 ", I= 81, F=POINT
1.03461 0.4 0.00308479 1 0
1.04451 0.4 0.00106164 1.01186 -0.0024679
1.02812 0.4 -0.000915827 0.992213 -0.00476463
1.00204 0.4 -0.00408464 0.960943 -0.00844583
0.966295 0.4 -0.00655997 0.918109 -0.0112534
0.957767 0.4 -0.00715208 0.907888 -0.011925
0.948654 0.4 -0.00777227 0.896967 -0.0126278
0.916008 0.4 -0.00998087 0.857843 -0.0151294
0.890604 0.4 -0.0116806 0.827397 -0.0170535
0.87118 0.4 -0.0129685 0.804119 -0.0185106
0.837986 0.4 -0.0151522 0.764338 -0.02098
0.824735 0.4 -0.0160154 0.748457 -0.0219556
0.78591 0.4 -0.0185219 0.701928 -0.0247868
0.778822 0.4 -0.0189732 0.693433 -0.0252961
0.733163 0.4 -0.0218434 0.638714 -0.0285328
0.732124 0.4 -0.0219073 0.637468 -0.0286048
0.724336 0.4 -0.0223764 0.628136 -0.0291324
0.685956 0.4 -0.0246922 0.58214 -0.0317371
0.680868 0.4 -0.0249923 0.576043 -0.0320742
0.63975 0.4 -0.0273098 0.526767 -0.0346687
0.628599 0.4 -0.0279168 0.513404 -0.0353466
0.593537 0.4 -0.0296833 0.471386 -0.0373079
0.576204 0.4 -0.0305102 0.450614 -0.0382219
0.547255 0.4 -0.0317191 0.415923 -0.0395421
0.523834 0.400001 -0.0326314 0.387858 -0.0405315
0.500956 0.400001 -0.0334208 0.360442 -0.041376
0.471431 0.400001 -0.0343722 0.325064 -0.0423852
0.454115 0.400001 -0.0348049 0.304314 -0.0428269
0.420501 0.400001 -0.0355133 0.264036 -0.0435269
0.405703 0.400001 -0.0356465 0.246306 -0.0436209
0.380531 0.400001 -0.0357063 0.216145 -0.0435811
0.373022 0.400001 -0.0357358 0.207148 -0.0435832
0.339287 0.400001 -0.0350124 0.166732 -0.042567
0.332766 0.400001 -0.0348844 0.158919 -0.0423848
0.288827 0.400001 -0.0321041 0.106285 -0.0388589
0.286448 0.400001 -0.0319513 0.103436 -0.0386654
0.24049 0.400001 -0.0248655 0.0484028 -0.029972
0.238715 0.400001 -0.0245798 0.0462773 -0.0296218
0.229361 0.400001 -0.0186169 0.0350964 -0.022436
0.2 0.400001 0 0 0
0.216175 0.400001 0.0158563 0.0194494 0.0189266
0.230332 0.400001 0.0299228 0.0364746 0.0357177
0.235624 0.400001 0.0317444 0.0428229 0.0378769
0.272459 0.400001 0.0445125 0.0870132 0.0530119
0.282003 0.400001 0.0467335 0.0984588 0.0556308
0.314818 0.400001 0.0537549 0.137807 0.0638981
0.318962 0.400001 0.0545131 0.142775 0.0647882
0.324235 0.400001 0.0552086 0.149097 0.0655982
0.361379 0.400001 0.0604698 0.193624 0.0717374
0.391244 0.400001 0.0630978 0.229418 0.0747539
0.403148 0.400001 0.0642377 0.243687 0.076067
0.42121 0.400001 0.0651782 0.265332 0.0771138
0.445895 0.4 0.0663169 0.294913 0.0783689
0.462831 0.4 0.0664852 0.315205 0.0784955
0.488798 0.4 0.0668751 0.34632 0.0788477
0.527589 0.4 0.0661885 0.392794 0.0778532
0.531762 0.4 0.0660995 0.397794 0.0777281
0.534496 0.4 0.0659719 0.40107 0.0775632
0.574085 0.4 0.0642322 0.448495 0.0753034
0.60521 0.4 0.0622596 0.485779 0.0728021
0.616715 0.4 0.0615564 0.49956 0.0719086
0.63405 0.4 0.0601908 0.520324 0.0701956
0.659287 0.4 0.0581645 0.550554 0.067656
0.676011 0.4 0.0565605 0.570585 0.0656602
0.701805 0.4 0.0541258 0.601479 0.0626287
0.742581 0.4 0.0496838 0.650314 0.057126
0.743118 0.4 0.0496261 0.650957 0.0570544
0.744069 0.4 0.0495108 0.652097 0.0569121
0.784459 0.4 0.0445815 0.700468 0.0508271
0.808033 0.4 0.0414045 0.7287 0.0469163
0.824106 0.4 0.0392604 0.747948 0.0442761
0.845275 0.4 0.0361854 0.773298 0.040498
0.862685 0.4 0.0336372 0.794146 0.0373678
0.877408 0.4 0.0313095 0.811777 0.0345137
0.903487 0.4 0.0272116 0.843006 0.0294882
0.936075 0.4 0.0216799 0.882026 0.0227162
0.946154 0.4 0.0199615 0.894095 0.0206126
0.957557 0.4 0.0178544 0.907747 0.0180375
0.993401 0.4 0.0112707 0.950665 0.00999043
1.00922 0.4 0.00819051 0.969606 0.00622986
1.03461 0.4 0.00308479 1 1.03924e-18
ZONE T="<greek>h</greek> = 0.257491 ", I= 79, F=POINT
1.02773 0.466667 0.00594667 1 0
1.05192 0.466667 0.00102905 1.0304 -0.00641796
1.00978 0.466667 -0.00401705 0.977308 -0.0123726
1.00957 0.466667 -0.00404162 0.977051 -0.0124016
1.0093 0.466667 -0.00406025 0.976713 -0.0124226
0.970972 0.466667 -0.00671729 0.928437 -0.0154059
0.939706 0.466667 -0.00884325 0.889061 -0.0177874
0.932531 0.466667 -0.00932756 0.880026 -0.0183294
0.895129 0.466667 -0.0118251 0.832922 -0.0211207
0.888051 0.466667 -0.012298 0.824009 -0.0216493
0.886857 0.466667 -0.0123771 0.822504 -0.0217377
0.84181 0.466667 -0.0153343 0.765773 -0.0250355
0.834509 0.466667 -0.0158096 0.756579 -0.025565
0.795604 0.466667 -0.0183121 0.707584 -0.0283484
0.782164 0.466667 -0.0191671 0.690658 -0.029298
0.749378 0.466667 -0.0212135 0.64937 -0.0315649
0.729707 0.466667 -0.0224206 0.624597 -0.0328991
0.702799 0.466667 -0.0240192 0.590712 -0.0346577
0.677178 0.466667 -0.0255011 0.558447 -0.0362816
0.656542 0.466667 -0.0266299 0.532462 -0.0375081
0.6248 0.466667 -0.0282951 0.492491 -0.0393051
0.610316 0.466667 -0.028985 0.474252 -0.040037
0.572476 0.466667 -0.0306679 0.426606 -0.0417988
0.56404 0.466667 -0.0309926 0.415984 -0.042128
0.520035 0.466667 -0.0325845 0.360577 -0.0437171
0.517746 0.466667 -0.0326556 0.357696 -0.0437851
0.499893 0.466667 -0.0331549 0.335219 -0.0442454
0.471347 0.466667 -0.0339611 0.299279 -0.0449913
0.467792 0.466667 -0.0340494 0.294803 -0.0450689
0.424691 0.466667 -0.0346124 0.240544 -0.0453714
0.416238 0.466667 -0.034683 0.229904 -0.0453806
0.382731 0.466667 -0.0342461 0.187731 -0.0445149
0.365556 0.466667 -0.0339359 0.166115 -0.0439627
0.342402 0.466667 -0.0325902 0.136983 -0.0420505
0.31883 0.466667 -0.0311314 0.107326 -0.0399921
0.297445 0.466667 -0.0279542 0.080437 -0.0357914
0.271685 0.466667 -0.0240278 0.0480479 -0.0306063
0.249857 0.466667 -0.0104615 0.0206996 -0.0133241
0.233334 0.466667 0 0 0
0.247378 0.466667 0.0137163 0.0178075 0.017133
0.264545 0.466667 0.0298047 0.0395677 0.0372225
0.290727 0.466667 0.0386435 0.072608 0.0481016
0.310798 0.466667 0.0449924 0.0979322 0.0559041
0.332672 0.466667 0.0496478 0.125509 0.061558
0.365 0.466667 0.0554057 0.166256 0.0685011
0.368553 0.466667 0.0559408 0.170734 0.0691413
0.372681 0.466667 0.0563731 0.175934 0.0696464
0.410932 0.466667 0.06074 0.224124 0.0747828
0.444007 0.466667 0.0629032 0.265777 0.0771941
0.453496 0.466667 0.0635939 0.277729 0.0779741
0.467686 0.466667 0.0640331 0.295594 0.0783933
0.496377 0.466667 0.0647672 0.331716 0.0790471
0.51532 0.466667 0.0645965 0.355559 0.0786536
0.538979 0.466667 0.0644973 0.385338 0.0783059
0.574486 0.466667 0.0632575 0.430021 0.0764107
0.581674 0.466667 0.0629848 0.439066 0.0759997
0.586439 0.466667 0.0627029 0.445061 0.0756
0.624335 0.466667 0.0605538 0.492743 0.0725377
0.657508 0.466667 0.0580576 0.534476 0.069083
0.667032 0.466667 0.0573604 0.546457 0.0681156
0.681293 0.466667 0.0560738 0.564396 0.0663618
0.709576 0.466667 0.0534847 0.599973 0.0628363
0.726454 0.466667 0.051685 0.621201 0.0604118
0.751126 0.466667 0.0490887 0.652232 0.0569113
0.789139 0.466667 0.0445645 0.700038 0.0508583
0.790322 0.466667 0.0444226 0.701527 0.0506685
0.791073 0.466667 0.0443233 0.702471 0.0505365
0.827395 0.466667 0.0395616 0.748146 0.0442005
0.854391 0.466667 0.0357053 0.782091 0.0390919
0.865285 0.466667 0.0341616 0.795789 0.0370462
0.880842 0.466667 0.0317644 0.815349 0.0338821
0.907079 0.466667 0.0276976 0.848336 0.0285158
0.928716 0.466667 0.0240642 0.875538 0.0237383
0.948482 0.466667 0.0207657 0.900387 0.0194001
0.96577 0.466667 0.017667 0.922119 0.0153368
0.987766 0.466667 0.0136876 0.949769 0.0101204
1.01372 0.466667 0.0086974 0.98239 0.00359449
1.02136 0.466667 0.00723651 0.991992 0.00168362
1.02773 0.466667 0.00594667 1 0
ZONE T="<greek>h</greek> = 0.294276 ", I= 77, F=POINT
1.05604 0.533333 0.000600739 1 0
1.05932 0.533333 0.000996455 1.00416 0.000498139
1.05523 0.533333 0.00182052 0.998985 0.00154603
1.02398 0.533333 0.00813765 0.959391 0.00957891
1.01247 0.533333 0.0103402 0.944813 0.0123803
0.982907 0.533333 0.0158865 0.907371 0.019435
0.971799 0.533333 0.0178513 0.893301 0.0219348
0.951001 0.533333 0.0215169 0.866957 0.0265985
0.917738 0.533333 0.0270034 0.824824 0.0335811
0.910738 0.533333 0.028152 0.815957 0.0350429
0.904863 0.533333 0.0290386 0.808516 0.0361718
0.869509 0.533333 0.0344136 0.763733 0.0430151
0.836696 0.533333 0.039008 0.722169 0.048867
0.834813 0.533333 0.0392734 0.719784 0.0492051
0.832318 0.533333 0.039596 0.716623 0.0496161
0.798295 0.533333 0.0439722 0.673526 0.0551929
0.775817 0.533334 0.0465754 0.645053 0.0585123
0.759393 0.533334 0.0484979 0.624248 0.0609637
0.728249 0.533334 0.0516983 0.584797 0.0650481
0.717342 0.533334 0.0528063 0.57098 0.0664623
0.709923 0.533334 0.053439 0.561582 0.0672709
0.674778 0.533334 0.0564998 0.517063 0.0711823
0.639077 0.533334 0.0589752 0.471838 0.0743527
0.632141 0.533334 0.0594711 0.463051 0.0749876
0.621715 0.533334 0.0600136 0.449845 0.0756849
0.589475 0.533334 0.0616171 0.409003 0.0777474
0.567918 0.533334 0.0621214 0.381694 0.078407
0.54671 0.533334 0.0627088 0.354827 0.0791716
0.514894 0.533334 0.0625377 0.314522 0.0789855
0.504002 0.533334 0.0624268 0.300724 0.0788555
0.496749 0.533334 0.0620663 0.291535 0.0784058
0.461301 0.533334 0.0605435 0.246627 0.0765109
0.425386 0.533334 0.0573703 0.201126 0.0725256
0.418732 0.533334 0.0568373 0.192695 0.0718567
0.409607 0.533334 0.0556196 0.181135 0.0703229
0.377073 0.533334 0.0509186 0.139915 0.064399
0.354464 0.533334 0.0460364 0.111268 0.0582358
0.338671 0.533334 0.042809 0.0912576 0.0541624
0.299619 0.533334 0.0297177 0.0417728 0.0376156
0.296858 0.533334 0.0288444 0.0382748 0.036512
0.288306 0.533334 0.0207132 0.0274334 0.0262193
0.266667 0.533334 0 0 0
0.302465 0.533334 -0.0222991 0.0453282 -0.0282837
0.304162 0.533334 -0.0233554 0.0474773 -0.0296236
0.304499 0.533334 -0.0234055 0.0479047 -0.0296874
0.30654 0.533334 -0.0236963 0.0504889 -0.0300578
0.348597 0.533334 -0.0297472 0.103763 -0.0377637
0.356932 0.533334 -0.0307752 0.11432 -0.039074
0.397587 0.533334 -0.0328268 0.165822 -0.0417123
0.409805 0.533334 -0.0332627 0.1813 -0.0422762
0.441816 0.533334 -0.0334873 0.221852 -0.0425916
0.463811 0.533334 -0.0334564 0.249716 -0.0425738
0.488166 0.533334 -0.0330311 0.28057 -0.0420584
0.516258 0.533334 -0.0324067 0.316159 -0.0412945
0.534608 0.533334 -0.0318406 0.339406 -0.0405951
0.56871 0.533334 -0.0306971 0.382609 -0.0391792
0.580908 0.533334 -0.0302301 0.398061 -0.0385994
0.62101 0.533334 -0.0285826 0.448865 -0.036551
0.62709 0.533334 -0.0282944 0.456569 -0.0361918
0.673268 0.533334 -0.0259741 0.51507 -0.0332969
0.673396 0.533334 -0.0259677 0.515233 -0.0332889
0.673413 0.533334 -0.0259668 0.515255 -0.0332878
0.719738 0.533334 -0.0233528 0.573943 -0.0300208
0.725886 0.533334 -0.0229947 0.581731 -0.0295732
0.76612 0.533334 -0.0205573 0.632704 -0.0265242
0.778276 0.533334 -0.0198062 0.648104 -0.0255844
0.812419 0.533334 -0.0176486 0.69136 -0.022884
0.830746 0.533334 -0.0164759 0.714578 -0.021416
0.858671 0.533333 -0.0146645 0.749956 -0.0191482
0.883128 0.533333 -0.0130639 0.78094 -0.0171441
0.904738 0.533333 -0.0116353 0.808318 -0.0153551
0.935199 0.533333 -0.00960439 0.846909 -0.0128117
0.950434 0.533333 -0.00857723 0.866211 -0.0115251
0.982885 0.533333 -0.00637142 0.907322 -0.00876203
0.994287 0.533333 -0.00558173 0.921767 -0.00777262
1.01787 0.533333 -0.00394539 0.951639 -0.00572239
1.05604 0.533333 0.000600739 1 1.3735e-18
ZONE T="<greek>h</greek> = 0.33106 ", I= 74, F=POINT
1.04304 0.6 -0.00179194 1 -2.91828e-19
1.06673 0.6 0.000963861 1.03187 0.00378567
1.03923 0.6 0.00652274 0.99484 0.0111776
1.0331 0.6 0.0077633 0.986595 0.0128273
1.02876 0.6 0.00859198 0.980751 0.0139285
0.996585 0.6 0.0146783 0.937426 0.0220151
0.956309 0.6 0.0217716 0.883198 0.0314306
0.955954 0.6 0.0218344 0.882721 0.031514
0.955501 0.6 0.0219084 0.882111 0.0316121
0.914343 0.6 0.0285893 0.826698 0.0404698
0.880454 0.6 0.0336242 0.781074 0.0471358
0.872414 0.6 0.0348283 0.770249 0.0487303
0.864721 0.6 0.0358887 0.759892 0.0501324
0.841647 0.6 0.0390418 0.728829 0.054301
0.823985 0.6 0.0412631 0.705052 0.0572331
0.807718 0.6 0.0433274 0.683152 0.0599584
0.775976 0.6 0.0469412 0.640422 0.0647189
0.767623 0.6 0.0478849 0.629177 0.0659618
0.762258 0.6 0.0484068 0.621956 0.0666469
0.725101 0.6 0.0520824 0.571938 0.0714729
0.691346 0.6 0.0548441 0.526501 0.07508
0.682491 0.6 0.0555857 0.514581 0.0760494
0.669105 0.6 0.0564576 0.496563 0.0771794
0.639883 0.6 0.0583024 0.45723 0.0795673
0.620396 0.6 0.0591005 0.431001 0.0805781
0.597113 0.6 0.0601302 0.399663 0.0818884
0.562197 0.6 0.0606427 0.35267 0.0824647
0.554399 0.6 0.0607232 0.342176 0.0825477
0.54923 0.6 0.0605824 0.33522 0.0823415
0.511715 0.6 0.0597914 0.284735 0.0811552
0.478086 0.6 0.0576489 0.239482 0.0781627
0.469059 0.6 0.0571412 0.227335 0.07745
0.455788 0.6 0.055735 0.20948 0.0755145
0.426185 0.600001 0.0522991 0.169651 0.0707944
0.405455 0.600001 0.0485133 0.141765 0.0656321
0.386022 0.600001 0.0452192 0.115622 0.0611358
0.369715 0.600001 0.0412867 0.0936893 0.0557905
0.352933 0.600001 0.0363396 0.0711191 0.0490782
0.330809 0.600001 0.0286262 0.0413704 0.0386256
0.312887 0.600001 0.0120997 0.0173036 0.0163258
0.3 0.600001 0 0 0
0.314349 0.600001 -0.00873501 0.0193386 -0.0117091
0.341169 0.600001 -0.0236438 0.0554823 -0.0316865
0.363763 0.600001 -0.0265526 0.0858985 -0.0355278
0.407279 0.600001 -0.0310782 0.144478 -0.0414772
0.411725 0.600001 -0.0312417 0.150462 -0.0416829
0.44952 0.600001 -0.0322025 0.20133 -0.0428532
0.458661 0.600001 -0.0324447 0.213633 -0.0431495
0.459858 0.600001 -0.0324624 0.215243 -0.0431695
0.50505 0.600001 -0.032138 0.276063 -0.0425863
0.512376 0.600001 -0.0320383 0.285922 -0.0424282
0.551552 0.6 -0.0310297 0.338643 -0.0409437
0.564884 0.6 -0.0306377 0.356583 -0.040373
0.597522 0.6 -0.0294832 0.400504 -0.0387133
0.617144 0.6 -0.0287431 0.42691 -0.0376536
0.643944 0.6 -0.0275669 0.462973 -0.0359836
0.669593 0.6 -0.0263548 0.497489 -0.0342691
0.690265 0.6 -0.0252703 0.525306 -0.0327424
0.722044 0.6 -0.0235274 0.568068 -0.0302938
0.73658 0.6 -0.0226827 0.587628 -0.0291098
0.774471 0.6 -0.0204198 0.638615 -0.0259413
0.78289 0.6 -0.0199003 0.649944 -0.0252148
0.826717 0.6 -0.0171502 0.708918 -0.0213715
0.829072 0.6 -0.0169996 0.712087 -0.0211611
0.846837 0.6 -0.0158514 0.735991 -0.0195582
0.87553 0.6 -0.0139981 0.774601 -0.0169709
0.87934 0.6 -0.0137496 0.779728 -0.0166241
0.921803 0.6 -0.0109498 0.836866 -0.0127182
0.931448 0.6 -0.0103083 0.849845 -0.0118237
0.971586 0.6 -0.00760709 0.903854 -0.00805802
0.981286 0.6 -0.00695018 0.916906 -0.00714246
0.999934 0.6 -0.00566163 0.941999 -0.00534779
1.02441 0.6 -0.00397199 0.97493 -0.00299441
1.04304 0.6 -0.00179194 1 0
ZONE T="<greek>h</greek> = 0.367844 ", I= 73, F=POINT
1.05356 0.666667 0.00507598 1 -1.20425e-18
1.07413 0.666667 0.000931267 1.02852 -0.00595568
1.02638 0.666667 -0.00418893 0.962167 -0.0125972
1.02314 0.666667 -0.00454268 0.957669 -0.0130566
1.02246 0.666667 -0.00459017 0.956716 -0.0131159
1.01495 0.666667 -0.00510516 0.946283 -0.0137574
0.981334 0.666667 -0.00741165 0.899594 -0.0166307
0.976981 0.666667 -0.00770643 0.893548 -0.0169974
0.938461 0.666667 -0.01029 0.840043 -0.0202075
0.927952 0.666667 -0.0109885 0.825446 -0.0210744
0.892412 0.666667 -0.0133264 0.77608 -0.0239726
0.875543 0.666667 -0.0144261 0.752649 -0.0253342
0.846124 0.666667 -0.0163185 0.711786 -0.0276737
0.823112 0.666667 -0.0177805 0.679822 -0.0294784
0.799784 0.666667 -0.0192302 0.64742 -0.0312629
0.770678 0.666667 -0.0210035 0.606992 -0.0334401
0.753476 0.666667 -0.0220106 0.583099 -0.03467
0.718222 0.666667 -0.0240077 0.534135 -0.0370978
0.707165 0.666667 -0.0245902 0.518778 -0.0377983
0.665739 0.666667 -0.0266559 0.461242 -0.0402609
0.66082 0.666667 -0.02687 0.45441 -0.04051
0.623629 0.666667 -0.0283612 0.402762 -0.0422165
0.614445 0.666667 -0.0287319 0.390007 -0.0426413
0.61323 0.666667 -0.0287775 0.388319 -0.0426927
0.56805 0.666667 -0.030234 0.325578 -0.0442728
0.56076 0.666667 -0.0304463 0.315455 -0.0444962
0.521715 0.666667 -0.0311715 0.261239 -0.0451209
0.508523 0.666667 -0.0313461 0.242922 -0.0452344
0.471987 0.666667 -0.0310805 0.192199 -0.044508
0.458814 0.666667 -0.0308859 0.173912 -0.044109
0.421023 0.666667 -0.0288862 0.121463 -0.040963
0.413346 0.666667 -0.028411 0.110809 -0.040228
0.370423 0.666667 -0.022219 0.0512766 -0.0312113
0.36946 0.666667 -0.0220811 0.0499414 -0.0310103
0.366876 0.666667 -0.0205335 0.0463679 -0.0288364
0.333334 0.666667 0 0 0
0.343884 0.666667 0.0128277 0.0147727 0.0177064
0.353751 0.666667 0.0235783 0.028578 0.0325358
0.366822 0.666667 0.0282914 0.0467713 0.0389514
0.38791 0.666667 0.0362625 0.0761269 0.0498119
0.40757 0.666667 0.0413746 0.103472 0.0567171
0.432774 0.666667 0.0469032 0.138519 0.0641462
0.457051 0.666667 0.0502754 0.172258 0.0685906
0.476552 0.666667 0.0532232 0.199361 0.0724924
0.503126 0.666667 0.0555585 0.236278 0.0754747
0.519443 0.666667 0.0568537 0.258946 0.0771132
0.530771 0.666667 0.0572284 0.274677 0.0775226
0.562121 0.666667 0.0584779 0.318215 0.0789507
0.602047 0.666667 0.0584669 0.373647 0.0785446
0.604679 0.666667 0.0584806 0.377301 0.078538
0.608641 0.666667 0.0583604 0.382801 0.0783323
0.647547 0.666667 0.057043 0.436804 0.0761225
0.67279 0.666667 0.0555676 0.471836 0.0738271
0.690269 0.666667 0.0545937 0.496094 0.072304
0.716396 0.666667 0.0525993 0.532349 0.0692793
0.732858 0.666667 0.0513133 0.555192 0.0673329
0.743876 0.666667 0.0502559 0.570479 0.0657569
0.775398 0.666667 0.0472847 0.614214 0.0613233
0.807881 0.666667 0.0436989 0.659278 0.0560271
0.814516 0.666667 0.0429765 0.668482 0.0549592
0.823072 0.666667 0.0419297 0.680351 0.0534221
0.847501 0.666667 0.0389159 0.714237 0.0489987
0.863173 0.666667 0.0368122 0.735976 0.0459247
0.876039 0.666667 0.0351013 0.753823 0.0434234
0.899836 0.666667 0.0316504 0.786828 0.0383995
0.917974 0.666667 0.0289985 0.811984 0.0345402
0.932584 0.666667 0.0266586 0.832245 0.0311485
0.958815 0.666667 0.022486 0.868622 0.0250987
0.983742 0.666667 0.0181854 0.903189 0.018884
0.996954 0.666667 0.0158892 0.921509 0.0155667
1.01455 0.666667 0.0125939 0.945911 0.0108193
1.03723 0.666667 0.00836231 0.977356 0.00472246
1.05356 0.666667 0.00507598 1 0
ZONE T="<greek>h</greek> = 0.404629 ", I= 68, F=POINT
1.0761 0.733333 0.00199104 1 1.2226e-18
1.08154 0.733333 0.000898672 1.00766 -0.00156126
1.07324 0.733333 2.20351e-05 0.995956 -0.0027641
1.03434 0.733333 -0.00424317 0.941114 -0.0086223
1.02122 0.733333 -0.0051512 0.922615 -0.00985031
0.998137 0.733333 -0.00673219 0.890068 -0.0119875
0.975637 0.733333 -0.00825563 0.858347 -0.0140459
0.955581 0.733333 -0.00959797 0.830072 -0.0158586
0.924157 0.733333 -0.0116815 0.78577 -0.0186712
0.909303 0.733333 -0.0126555 0.764829 -0.0199853
0.871738 0.733333 -0.0150945 0.711869 -0.0232747
0.86302 0.733333 -0.0156521 0.699578 -0.0240261
0.819304 0.733334 -0.0184083 0.637946 -0.0277383
0.816723 0.733334 -0.0185668 0.634308 -0.0279514
0.797264 0.733334 -0.0197335 0.606874 -0.0295189
0.77041 0.733334 -0.0213466 0.569016 -0.0316865
0.766849 0.733334 -0.0215546 0.563995 -0.0319656
0.724071 0.733334 -0.0239073 0.503688 -0.0351127
0.714369 0.733334 -0.0244163 0.490011 -0.0357918
0.677653 0.733334 -0.0261365 0.43825 -0.0380712
0.661939 0.733334 -0.0268156 0.416098 -0.0389663
0.631444 0.733334 -0.0279417 0.373108 -0.0404329
0.60954 0.733334 -0.0286957 0.34223 -0.0414091
0.584916 0.733334 -0.029366 0.307519 -0.0422566
0.556841 0.733334 -0.0300056 0.267943 -0.0430471
0.538474 0.733334 -0.0301469 0.242053 -0.0431736
0.501598 0.733334 -0.0300955 0.190074 -0.0429552
0.489105 0.733334 -0.0297394 0.172467 -0.0424038
0.473318 0.733334 -0.0289024 0.150216 -0.0411616
0.44861 0.733334 -0.0278027 0.115394 -0.0395138
0.426183 0.733334 -0.0246633 0.0837933 -0.0349999
0.402387 0.733334 -0.0215015 0.0502639 -0.030449
0.378979 0.733334 -0.00754772 0.017325 -0.0106877
0.366667 0.733334 0 0 0
0.378372 0.733334 0.0102388 0.0165391 0.0143859
0.39645 0.733334 0.0271127 0.0420888 0.0380992
0.44096 0.733334 0.0407107 0.104882 0.0570902
0.442682 0.733334 0.0412785 0.107312 0.0578838
0.445353 0.733334 0.0417993 0.111078 0.0586073
0.484727 0.733334 0.0488127 0.166606 0.0683374
0.511956 0.733334 0.0517198 0.204998 0.0723275
0.527198 0.733334 0.0535109 0.22649 0.0747918
0.549732 0.733334 0.054889 0.258259 0.0766451
0.569859 0.733334 0.0559732 0.286633 0.0780938
0.583459 0.733334 0.0561152 0.305803 0.0782401
0.612548 0.733334 0.0565982 0.346808 0.078806
0.654813 0.733334 0.055681 0.40638 0.0773458
0.655327 0.733334 0.0556725 0.407104 0.0773318
0.656111 0.733334 0.0556351 0.408209 0.0772761
0.698015 0.733334 0.0535254 0.467267 0.0741365
0.725371 0.733334 0.0515503 0.505819 0.0712442
0.74061 0.733334 0.0504866 0.527295 0.0696846
0.763438 0.733334 0.0484445 0.559465 0.0667159
0.78317 0.733334 0.0466492 0.58727 0.0641072
0.794888 0.733333 0.045385 0.603783 0.0622789
0.825652 0.733333 0.0420956 0.647134 0.0575206
0.851364 0.733333 0.0389908 0.683364 0.0530425
0.859269 0.733333 0.0380011 0.694503 0.0516161
0.879677 0.733333 0.0353337 0.723258 0.0477755
0.908714 0.733333 0.0311974 0.764171 0.0418303
0.921376 0.733333 0.0294123 0.782012 0.0392641
0.937389 0.733333 0.0269173 0.804574 0.0356838
0.962922 0.733333 0.0229101 0.840549 0.0299345
0.9872 0.733333 0.018752 0.874753 0.0239773
1.00371 0.733333 0.0159337 0.898015 0.0199394
1.01575 0.733333 0.0136984 0.914979 0.016741
1.04379 0.733333 0.00848447 0.95448 0.00928072
1.0761 0.733333 0.00199104 1 2.44521e-18
ZONE T="<greek>h</greek> = 0.441413 ", I= 67, F=POINT
1.05731 0.8 -0.00266561 1 0
1.08894 0.8 0.000866078 1.0481 0.00556797
1.05156 0.8 0.00831138 0.991186 0.016664
1.04467 0.8 0.00969032 0.98069 0.0187193
1.03983 0.8 0.0105854 0.973327 0.0200511
1.00214 0.8 0.0174308 0.915941 0.0302327
0.984141 0.8 0.0204518 0.888538 0.0347176
0.965587 0.8 0.0235461 0.860292 0.0393105
0.95188 0.8 0.0256291 0.839427 0.0423948
0.922413 0.8 0.0301351 0.794571 0.0490682
0.888523 0.8 0.0347713 0.742985 0.0559122
0.875239 0.8 0.0365692 0.722763 0.0585654
0.860289 0.8 0.0383499 0.70001 0.0611822
0.833497 0.8 0.041569 0.65923 0.0659142
0.809453 0.8 0.0440733 0.622637 0.0695756
0.790936 0.8 0.0459692 0.594454 0.0723456
0.777856 0.8 0.047064 0.574548 0.0739306
0.74836 0.8 0.0495957 0.52966 0.0776
0.706978 0.8 0.0522893 0.466689 0.0814426
0.705715 0.8 0.0523749 0.464766 0.081565
0.703797 0.8 0.0524599 0.461847 0.0816824
0.662929 0.8 0.0541415 0.399665 0.0839886
0.635833 0.8 0.0543121 0.358442 0.084081
0.620238 0.8 0.0544966 0.334715 0.0842655
0.597006 0.8 0.053818 0.299376 0.0830898
0.577484 0.8 0.0531209 0.269682 0.0819088
0.565086 0.8 0.052052 0.250826 0.0802061
0.536193 0.8 0.0498216 0.206885 0.0766348
0.495203 0.8 0.0440467 0.144562 0.0675965
0.493066 0.8 0.0437717 0.141313 0.0671649
0.490085 0.8 0.0431361 0.136781 0.0661796
0.449871 0.800001 0.0334332 0.0756635 0.0511703
0.424887 0.800001 0.0242519 0.0377104 0.0370485
0.420995 0.800001 0.0228846 0.0317987 0.0349442
0.416479 0.800001 0.0181318 0.024957 0.0276859
0.4 0.800001 0 0 0
0.432802 0.800001 -0.0183357 0.0500157 -0.0276921
0.438369 0.800001 -0.0215469 0.0585033 -0.0325429
0.453362 0.800001 -0.0237222 0.081326 -0.0357598
0.472116 0.800001 -0.0261343 0.109872 -0.0393136
0.502217 0.800001 -0.0281948 0.155678 -0.0422627
0.510586 0.800001 -0.0284536 0.168411 -0.0426047
0.553016 0.8 -0.0291907 0.232966 -0.0434644
0.555348 0.8 -0.0291743 0.236513 -0.0434249
0.572941 0.8 -0.0289269 0.263276 -0.0429401
0.602023 0.8 -0.0285347 0.307517 -0.042164
0.605829 0.8 -0.02846 0.313306 -0.0420268
0.648202 0.8 -0.0271724 0.377762 -0.0398067
0.65798 0.8 -0.0268449 0.392634 -0.039248
0.694628 0.8 -0.0254028 0.448379 -0.0368281
0.710508 0.8 -0.024723 0.472534 -0.0356959
0.740988 0.8 -0.0232088 0.518895 -0.0332043
0.763003 0.8 -0.0220487 0.552379 -0.0313036
0.787323 0.8 -0.0206648 0.589369 -0.0290482
0.815475 0.8 -0.0190074 0.632187 -0.0263531
0.833644 0.8 -0.0178937 0.659821 -0.0245466
0.867942 0.8 -0.0157489 0.711986 -0.0210721
0.879927 0.8 -0.0149831 0.730214 -0.0198332
0.920362 0.8 -0.0123678 0.791713 -0.015605
0.926194 0.8 -0.0119856 0.800582 -0.0149876
0.960518 0.8 -0.00971507 0.852786 -0.0113217
0.970775 0.8 -0.00903711 0.868386 -0.010227
0.972657 0.8 -0.00891126 0.871249 -0.0100239
1.00839 0.8 -0.00650201 0.925601 -0.00613819
1.03116 0.8 -0.00493534 0.960225 -0.00361433
1.04541 0.8 -0.00395363 0.981903 -0.00203291
1.05731 0.8 -0.00266561 1 -1.31954e-18
ZONE T="<greek>h</greek> = 0.478198 ", I= 63, F=POINT
1.07726 0.866667 0.00464363 1 0
1.09635 0.866667 0.000833484 1.02961 -0.00613059
1.07694 0.866667 -0.0013112 0.999441 -0.0092437
1.05396 0.866667 -0.00383972 0.963725 -0.0129129
1.04141 0.866667 -0.00470357 0.94423 -0.0141138
1.01591 0.866667 -0.00645596 0.904607 -0.0165495
0.990954 0.866667 -0.00813636 0.865838 -0.0188796
0.969001 0.866667 -0.00960291 0.831729 -0.0209111
0.942791 0.866667 -0.0113315 0.791009 -0.0233019
0.916773 0.866667 -0.0130301 0.750586 -0.0256483
0.896698 0.866667 -0.0143216 0.719398 -0.0274291
0.864289 0.866667 -0.0163776 0.669046 -0.0302588
0.850566 0.866667 -0.0172256 0.647727 -0.0314221
0.811663 0.866667 -0.0195729 0.587288 -0.0346315
0.804249 0.866667 -0.0199981 0.575771 -0.0352088
0.759152 0.866667 -0.0224774 0.505711 -0.0385538
0.757906 0.866667 -0.0225393 0.503776 -0.0386361
0.748155 0.866667 -0.0229887 0.488629 -0.0392247
0.71145 0.866667 -0.0246913 0.43161 -0.0414576
0.706738 0.866667 -0.0248915 0.42429 -0.0417157
0.665061 0.866667 -0.0263908 0.359554 -0.0435773
0.654249 0.866667 -0.0267507 0.342759 -0.044015
0.618691 0.866667 -0.0276175 0.287533 -0.044963
0.601681 0.866667 -0.0279428 0.261114 -0.0452776
0.573074 0.866667 -0.0279562 0.216689 -0.044978
0.551063 0.866667 -0.0277754 0.182511 -0.0444509
0.52874 0.866667 -0.0268161 0.147856 -0.0427111
0.508268 0.866667 -0.0256991 0.116078 -0.0407472
0.486303 0.866667 -0.0228606 0.0820007 -0.0360934
0.468641 0.866667 -0.0204123 0.0546002 -0.0320937
0.444404 0.866667 -0.00642568 0.0171193 -0.0101024
0.433334 0.866667 0 0 0
0.442558 0.866667 0.0075459 0.0144094 0.0116147
0.466128 0.866667 0.0272603 0.0512319 0.0419652
0.490364 0.866667 0.0339965 0.0889427 0.0521544
0.507754 0.866667 0.0391241 0.116005 0.0599224
0.54095 0.866667 0.0449615 0.167621 0.0686155
0.544482 0.866667 0.0455385 0.173111 0.069472
0.54689 0.866667 0.0457693 0.176854 0.0698034
0.585407 0.866667 0.0498713 0.236713 0.0757421
0.617283 0.866667 0.0514802 0.286231 0.0778836
0.627976 0.866667 0.0521088 0.302844 0.07874
0.644068 0.866667 0.0522815 0.327835 0.078828
0.670721 0.866667 0.0524143 0.369225 0.0787357
0.688448 0.866667 0.0518213 0.396747 0.0776164
0.713445 0.866667 0.0511031 0.435557 0.0762211
0.751381 0.866667 0.0489214 0.494443 0.0724083
0.755995 0.866667 0.0486446 0.501606 0.0719268
0.759046 0.866667 0.0483947 0.506341 0.0715046
0.798702 0.866667 0.0452378 0.567887 0.066158
0.830202 0.866667 0.0421048 0.616769 0.0609401
0.841216 0.866667 0.0410299 0.633859 0.0591476
0.856629 0.866667 0.039247 0.657774 0.0562063
0.882467 0.866667 0.0362297 0.697864 0.0512313
0.911587 0.866667 0.0323622 0.743042 0.0448994
0.924572 0.866667 0.0306471 0.763187 0.0420906
0.934661 0.866667 0.0291652 0.778838 0.0396764
0.96564 0.866667 0.0245478 0.826893 0.0321591
0.994572 0.866667 0.0198473 0.871768 0.0245357
1.00976 0.866667 0.017301 0.895326 0.0204116
1.03459 0.866667 0.0127791 0.933841 0.0131113
1.0546 0.866667 0.00916335 0.964867 0.0072724
1.07726 0.866667 0.00464363 1 4.04088e-18
ZONE T="<greek>h</greek> = 0.514982 ", I= 59, F=POINT
1.09094 0.933333 0.00335145 1 6.9469e-19
1.10375 0.933333 0.000800889 1.02051 -0.00419576
1.09057 0.933333 -0.000625157 0.999378 -0.00636666
1.06136 0.933333 -0.00380558 0.952554 -0.0112099
1.02333 0.933333 -0.00641017 0.891613 -0.0150549
1.01621 0.933333 -0.00689784 0.880214 -0.0157749
1.01214 0.933333 -0.00717072 0.873693 -0.016177
0.96506 0.933333 -0.0103081 0.798248 -0.0207977
0.959984 0.933333 -0.0106417 0.790114 -0.0212883
0.918808 0.933333 -0.0133184 0.724134 -0.0252219
0.913581 0.933333 -0.0136585 0.715759 -0.0257217
0.912918 0.933333 -0.013701 0.714698 -0.0257842
0.867607 0.933333 -0.0165535 0.642093 -0.0299637
0.860638 0.933333 -0.0169836 0.630926 -0.0305926
0.821045 0.933334 -0.0193299 0.567484 -0.0340105
0.807909 0.933334 -0.0200809 0.546436 -0.0351006
0.77483 0.933334 -0.0218253 0.493434 -0.0376102
0.755295 0.933334 -0.0227915 0.462135 -0.0389899
0.727296 0.933334 -0.0239673 0.417275 -0.0406327
0.70383 0.933334 -0.0248721 0.379679 -0.0418802
0.680454 0.933334 -0.0256211 0.342228 -0.0428789
0.65066 0.933334 -0.0264602 0.294497 -0.0439668
0.63555 0.933334 -0.0266842 0.270292 -0.0441956
0.598239 0.933334 -0.0269587 0.210523 -0.0443145
0.58967 0.933334 -0.0267706 0.196798 -0.0439396
0.54932 0.933334 -0.0254593 0.132176 -0.0414921
0.545115 0.933334 -0.0250232 0.125444 -0.0407573
0.505631 0.933334 -0.0205809 0.0622359 -0.033302
0.500401 0.933334 -0.0178531 0.0538828 -0.0288876
0.466667 0.933334 0 0 0
0.500738 0.933334 0.0264279 0.0548027 0.0420399
0.502387 0.933334 0.0277373 0.0574557 0.044123
0.505704 0.933334 0.0286404 0.062776 0.0455411
0.548611 0.933334 0.0396574 0.131601 0.0628194
0.58689 0.933334 0.0453338 0.192965 0.0715828
0.593106 0.933334 0.0461393 0.202929 0.0728196
0.598572 0.933334 0.046507 0.211688 0.0733617
0.636097 0.933334 0.0493869 0.271821 0.077652
0.669892 0.933334 0.0501883 0.325962 0.0786451
0.678439 0.933334 0.0504524 0.339654 0.0789946
0.691269 0.933334 0.0502746 0.360205 0.0785994
0.721182 0.933334 0.0497093 0.408116 0.0774368
0.741018 0.933334 0.048687 0.43988 0.0756286
0.763639 0.933334 0.0475974 0.476106 0.0736888
0.798566 0.933333 0.0450471 0.53203 0.0693033
0.806378 0.933333 0.0444607 0.544539 0.0682967
0.811397 0.933333 0.0439785 0.552575 0.0674812
0.848984 0.933333 0.0404427 0.612751 0.0614943
0.88249 0.933333 0.0366487 0.66639 0.0551289
0.891457 0.933333 0.0356478 0.680744 0.0534484
0.904647 0.933333 0.0339387 0.701857 0.0505974
0.933024 0.933333 0.0302396 0.747281 0.044428
0.954606 0.933333 0.0270736 0.781824 0.039171
0.974661 0.933333 0.0241405 0.813924 0.0343003
1.00777 0.933333 0.0187409 0.866914 0.0253663
1.01774 0.933333 0.0171143 0.882875 0.022675
1.02331 0.933333 0.0161087 0.891777 0.0210164
1.062 0.933333 0.009117 0.953693 0.00948425
1.09094 0.933333 0.00335145 1 -2.08407e-18
ZONE T="<greek>h</greek> = 0.551767 ", I= 57, F=POINT
1.07308 1 0.00833564 1 3.02671e-18
1.11116 1 0.000768295 1.06624 -0.0141683
1.06827 1 -0.00358261 0.991315 -0.0206706
1.06211 1 -0.00423171 0.980546 -0.0216466
1.05782 1 -0.004526 0.97305 -0.0220511
1.02135 1 -0.00700973 0.909362 -0.0254587
1.01358 1 -0.00753103 0.895788 -0.026171
0.976536 1 -0.00999046 0.831107 -0.0295217
0.961401 1 -0.0109842 0.804678 -0.0308714
0.930601 1 -0.012978 0.750894 -0.0335681
0.908972 1 -0.0143587 0.713126 -0.0354282
0.884363 1 -0.0158904 0.670153 -0.0374758
0.856519 1 -0.0175818 0.621535 -0.0397201
0.838003 1 -0.0186497 0.589205 -0.0411132
0.80432 1 -0.0205086 0.530395 -0.0435015
0.791514 1 -0.0211438 0.508036 -0.0442846
0.748307 1 -0.023086 0.432608 -0.0465767
0.74269 1 -0.0233051 0.422804 -0.0468163
0.7354 1 -0.023543 0.41008 -0.0470463
0.698472 1 -0.0248154 0.345623 -0.0483292
0.671454 1 -0.0253463 0.298474 -0.0485698
0.655045 1 -0.0257111 0.269838 -0.0487898
0.64436 1 -0.0258592 0.251194 -0.048777
0.604422 1 -0.0252909 0.181531 -0.0467721
0.58854 1 -0.0249231 0.153833 -0.0457275
0.557714 1 -0.0220495 0.100127 -0.0399319
0.540122 1 -0.0202289 0.0694829 -0.0363094
0.510086 1 -0.00524826 0.0174629 -0.00941202
0.5 1 0 0 0
0.509484 1 0.00758475 0.0167381 0.0129916
0.534416 1 0.0266575 0.0607177 0.0456331
0.55839 1 0.0329727 0.102704 0.0560423
0.580388 1 0.03843 0.141219 0.0650049
0.601791 1 0.0416354 0.17864 0.0700539
0.629337 1 0.0449938 0.226782 0.075214
0.641906 1 0.0460906 0.248737 0.0768084
0.656168 1 0.0466544 0.273633 0.0774302
0.686275 1 0.0481895 0.326197 0.0793443
0.722438 1 0.0481126 0.389284 0.0782923
0.728826 1 0.0481425 0.400429 0.0781825
0.738712 1 0.0477768 0.417667 0.0772936
0.771675 1 0.0464297 0.47514 0.0741071
0.793411 1 0.0449511 0.513023 0.0709759
0.81422 1 0.0435966 0.549291 0.0680848
0.845601 1 0.040821 0.60397 0.0624461
0.85678 1 0.039812 0.623446 0.0604022
0.864176 1 0.038996 0.636328 0.0587908
0.899361 1 0.0351732 0.697614 0.0512288
0.935279 1 0.0305961 0.76016 0.0423322
0.941816 1 0.0297719 0.771544 0.0407285
0.951941 1 0.0283129 0.789172 0.0379262
0.98389 1 0.0236856 0.844791 0.0290427
1.00485 1 0.0202853 0.881281 0.0225784
1.02604 1 0.016865 0.918145 0.016074
1.06237 1 0.010335 0.981377 0.00375962
1.06923 1 0.00910204 0.993297 0.00143484
1.07308 1 0.00833564 1 0
ZONE T="<greek>h</greek> = 0.588551 ", I= 56, F=POINT
1.11208 1.06667 1.16866e-05 1 0
1.11857 1.06667 0.000735701 1.0112 0.00125078
1.11077 1.06667 0.00228357 0.997731 0.00392556
1.07702 1.06667 0.00897907 0.939411 0.0154957
1.05548 1.06667 0.0128213 0.902206 0.0221352
1.03386 1.06667 0.0166908 0.864853 0.0288221
0.999374 1.06667 0.0222158 0.805257 0.0383697
0.991678 1.06667 0.0234443 0.79196 0.0404928
0.986691 1.06667 0.0241479 0.783343 0.0417086
0.949429 1.06667 0.0294468 0.71896 0.0508656
0.916455 1.06667 0.0335189 0.661984 0.0579029
0.90707 1.06667 0.0346918 0.645768 0.0599298
0.892806 1.06667 0.0361951 0.621123 0.0625279
0.864551 1.06667 0.0391295 0.572303 0.0675991
0.845785 1.06667 0.0406603 0.539876 0.0702447
0.821974 1.06667 0.0426633 0.498734 0.0737065
0.785988 1.06667 0.0447942 0.436556 0.0773898
0.779314 1.06667 0.0451702 0.425024 0.0780396
0.77488 1.06667 0.0452661 0.417362 0.0782055
0.736527 1.06667 0.0463184 0.351094 0.0800251
0.703921 1.06667 0.0457319 0.294754 0.0790129
0.694643 1.06667 0.0456315 0.278723 0.0788397
0.676281 1.06667 0.0444919 0.246996 0.0768713
0.660355 1.06667 0.0434483 0.219478 0.0750686
0.65516 1.06667 0.0427899 0.210501 0.0739312
0.616997 1.06667 0.0379907 0.144561 0.0656401
0.611003 1.06667 0.0366002 0.134204 0.0632376
0.570862 1.06667 0.0271022 0.0648457 0.0468277
0.564966 1.06667 0.0228698 0.0546572 0.0395149
0.533334 1.06667 0 0 0
0.566784 1.06667 -0.0159714 0.0577975 -0.0275977
0.575216 1.06667 -0.0199409 0.0723665 -0.0344568
0.615787 1.06667 -0.0234533 0.142469 -0.0405272
0.623593 1.06667 -0.0241078 0.155956 -0.0416582
0.667398 1.06667 -0.0246961 0.231644 -0.0426763
0.672817 1.06667 -0.0247621 0.241008 -0.0427905
0.709226 1.06667 -0.0241036 0.303918 -0.041654
0.715347 1.06667 -0.0239927 0.314495 -0.0414627
0.716217 1.06667 -0.023965 0.315997 -0.0414148
0.751423 1.06667 -0.0228433 0.376829 -0.0394778
0.762328 1.06667 -0.0224193 0.395672 -0.0387457
0.800423 1.06667 -0.0208476 0.461494 -0.0360313
0.808688 1.06667 -0.0204393 0.475776 -0.0353261
0.852597 1.06667 -0.0181231 0.551645 -0.0313255
0.855023 1.06667 -0.0179836 0.555837 -0.0310845
0.8733 1.06667 -0.0168934 0.587417 -0.0292015
0.901338 1.06667 -0.0152251 0.635863 -0.0263198
0.905059 1.06667 -0.0149969 0.642292 -0.0259257
0.947524 1.06667 -0.012309 0.715666 -0.0212828
0.957631 1.06667 -0.0116587 0.733129 -0.0201596
0.993795 1.06667 -0.00929306 0.795616 -0.0160733
1.00923 1.06667 -0.00827213 0.822288 -0.0143098
1.03902 1.06667 -0.00627423 0.873758 -0.0108587
1.05675 1.06667 -0.00507097 0.904389 -0.00878024
1.0769 1.06667 -0.00368322 0.939217 -0.00638309
1.11208 1.06667 1.16866e-05 1 -1.87336e-19
ZONE T="<greek>h</greek> = 0.625336 ", I= 53, F=POINT
1.10535 1.13333 0.00478379 1 -3.22017e-18
1.12597 1.13333 0.000703106 1.03821 -0.0079146
1.10444 1.13333 -0.00153413 0.99821 -0.0117126
1.08222 1.13333 -0.00379428 0.956914 -0.0155415
1.05672 1.13333 -0.00553521 0.909564 -0.0183528
1.04701 1.13333 -0.00619747 0.891527 -0.0194221
1.02794 1.13333 -0.00746928 0.856114 -0.0214685
1.01073 1.13333 -0.00861873 0.824141 -0.0233184
1.006 1.13333 -0.0089316 0.815349 -0.0238211
0.964411 1.13333 -0.0116413 0.738112 -0.0281654
0.953793 1.13333 -0.0123237 0.718392 -0.0292571
0.918436 1.13333 -0.0145411 0.652725 -0.0327904
0.901328 1.13333 -0.0155881 0.620951 -0.0344518
0.871943 1.13333 -0.0172938 0.566378 -0.0371336
0.848769 1.13333 -0.018577 0.52334 -0.0391334
0.82561 1.13333 -0.0197172 0.480333 -0.0408681
0.796262 1.13333 -0.0210333 0.425834 -0.0428274
0.779246 1.13333 -0.0216584 0.394239 -0.0437071
0.746481 1.13333 -0.0227605 0.3334 -0.0452129
0.728784 1.13333 -0.0231399 0.300546 -0.0456253
0.701478 1.13333 -0.0236535 0.24985 -0.0461286
0.670819 1.13333 -0.0233014 0.192946 -0.0449697
0.654695 1.13333 -0.0231069 0.163019 -0.0443427
0.623688 1.13333 -0.0206153 0.105504 -0.0392068
0.608823 1.13333 -0.0193719 0.0779318 -0.0366536
0.575331 1.13333 -0.00407143 0.0160146 -0.00770033
0.566667 1.13333 0 0 0
0.574863 1.13333 0.00587467 0.0153108 0.0107696
0.603154 1.13333 0.0261034 0.0681591 0.0478524
0.618376 1.13333 0.029637 0.0964717 0.0541607
0.65193 1.13333 0.0371631 0.158881 0.0675778
0.663572 1.13333 0.0386386 0.180515 0.0701247
0.682605 1.13333 0.0404633 0.215875 0.0731979
0.701696 1.13333 0.0425614 0.251347 0.0767778
0.726315 1.13333 0.0436077 0.297062 0.0783143
0.744308 1.13333 0.044226 0.330472 0.0791653
0.756317 1.13333 0.0440312 0.35276 0.0786058
0.787048 1.13333 0.0437397 0.409798 0.077558
0.827328 1.13333 0.0417484 0.484536 0.0731979
0.829845 1.13333 0.0416347 0.489205 0.0729452
0.833618 1.13333 0.0413546 0.496205 0.0723632
0.872325 1.13333 0.0383882 0.568004 0.0662187
0.898111 1.13333 0.0358044 0.615826 0.0609975
0.914831 1.13333 0.0341654 0.646835 0.0576796
0.940017 1.13333 0.0311548 0.693536 0.051676
0.957244 1.13333 0.029074 0.725481 0.0475296
0.968632 1.13333 0.027477 0.746593 0.0443775
1.00008 1.13333 0.0230988 0.804903 0.0357321
1.03786 1.13333 0.017105 0.87492 0.0239836
1.04313 1.13333 0.0162706 0.884697 0.0223477
1.05138 1.13333 0.0148039 0.899989 0.0194893
1.08456 1.13333 0.00890035 0.961484 0.00798391
1.10535 1.13333 0.00478379 1 -1.61009e-18
ZONE T="<greek>h</greek> = 0.66212 ", I= 51, F=POINT
1.10246 1.2 -0.00250416 1 1.7262e-18
1.13338 1.2 0.000670512 1.06149 0.00662469
1.10028 1.2 0.00721696 0.995552 0.0193248
1.09291 1.2 0.00867179 0.980873 0.022147
1.08772 1.2 0.00958411 0.970549 0.0239113
1.05154 1.2 0.0159901 0.898482 0.0363013
1.01755 1.2 0.0213203 0.830766 0.0465721
1.00907 1.2 0.022658 0.813887 0.0491501
0.993304 1.2 0.0248211 0.782487 0.0532988
0.964977 1.2 0.0286855 0.726074 0.0607084
0.950274 1.2 0.0303708 0.696797 0.0639167
0.922588 1.2 0.033596 0.641665 0.0700606
0.880668 1.2 0.0375294 0.558198 0.0774729
0.880094 1.2 0.037582 0.557056 0.077572
0.879716 1.2 0.0376066 0.556303 0.0776172
0.837574 1.2 0.0404918 0.472406 0.0829411
0.809082 1.2 0.0415183 0.415693 0.0847014
0.794787 1.2 0.0421057 0.387237 0.0857287
0.77369 1.2 0.0420151 0.345253 0.0853391
0.751975 1.2 0.0417655 0.302038 0.0846269
0.737463 1.2 0.0407154 0.273167 0.0823931
0.71013 1.2 0.0390326 0.218788 0.078773
0.675985 1.2 0.0345287 0.15088 0.069471
0.674995 1.2 0.0344099 0.14891 0.0692246
0.671357 1.2 0.033546 0.141678 0.0674693
0.633378 1.2 0.0244283 0.066185 0.048947
0.626188 1.2 0.0191559 0.0519268 0.0383828
0.6 1.2 0 0 0
0.630597 1.2 -0.0139136 0.0610311 -0.0273867
0.640955 1.2 -0.0185821 0.0816898 -0.036575
0.668395 1.2 -0.0208829 0.136324 -0.0408818
0.687615 1.2 -0.0221316 0.174586 -0.0431761
0.704238 1.2 -0.0224046 0.207671 -0.0435547
0.740036 1.2 -0.0224143 0.278915 -0.0432189
0.749787 1.2 -0.0222051 0.298319 -0.0427058
0.792419 1.2 -0.0210401 0.383151 -0.0399644
0.796179 1.2 -0.020903 0.390633 -0.0396543
0.824407 1.2 -0.0197633 0.4468 -0.0371062
0.842529 1.2 -0.0190381 0.482857 -0.0354831
0.84495 1.2 -0.0189304 0.487674 -0.0352448
0.888857 1.2 -0.0166252 0.575033 -0.0302216
0.897424 1.2 -0.0161467 0.592077 -0.0291844
0.935156 1.2 -0.0138846 0.667148 -0.0243081
0.94987 1.2 -0.0129751 0.696421 -0.0223521
0.981438 1.2 -0.0109621 0.759227 -0.0180329
1.002 1.2 -0.00963021 0.80013 -0.0151784
1.02918 1.2 -0.00783753 0.854209 -0.0113411
1.05115 1.2 -0.0063764 0.897913 -0.00821531
1.08419 1.2 -0.00412774 0.963642 -0.00341245
1.0907 1.2 -0.00368412 0.9766 -0.00246497
1.10246 1.2 -0.00250416 1 8.63101e-19
ZONE T="<greek>h</greek> = 0.698904 ", I= 50, F=POINT
1.1385 1.26667 0.00039668 1 -1.07312e-19
1.14078 1.26667 0.000637918 1.00452 0.000473993
1.13812 1.26667 0.00116087 0.999247 0.00151335
1.09852 1.26667 0.00894984 0.920875 0.0169935
1.06536 1.26667 0.014723 0.855238 0.0284734
1.05637 1.26667 0.0162975 0.837444 0.0316041
1.04225 1.26667 0.0184771 0.809489 0.0359406
1.01577 1.26667 0.0225368 0.75709 0.0440181
0.999154 1.26667 0.0247312 0.724197 0.048388
0.972579 1.26667 0.0282834 0.671596 0.055461
0.931987 1.26667 0.0327944 0.59125 0.0644538
0.930392 1.26667 0.0329748 0.588092 0.0648135
0.927968 1.26667 0.0331911 0.583294 0.0652454
0.887859 1.26667 0.0366816 0.503903 0.0722173
0.861685 1.26667 0.0382053 0.452092 0.0752743
0.845423 1.26667 0.0392146 0.419903 0.0772974
0.821515 1.26667 0.0398148 0.372577 0.0785227
0.802433 1.26667 0.0401795 0.334803 0.0792743
0.788646 1.26667 0.0396472 0.30751 0.0782422
0.759062 1.26667 0.0388042 0.248946 0.0766193
0.719091 1.26667 0.0348485 0.169814 0.068851
0.717279 1.26667 0.0346949 0.166228 0.0685498
0.715789 1.26667 0.0344669 0.163277 0.0681007
0.680257 1.26667 0.02707 0.09293 0.0535134
0.665444 1.26667 0.023358 0.0635999 0.0461884
0.639125 1.26667 0.00424892 0.0114718 0.00840193
0.633334 1.26667 0 0 0
0.639621 1.26667 -0.00283266 0.0124416 -0.00561716
0.675861 1.26667 -0.0181517 0.0841572 -0.0359982
0.684597 1.26667 -0.018779 0.101449 -0.0372535
0.700265 1.26667 -0.0195762 0.132463 -0.038856
0.725212 1.26667 -0.021221 0.181846 -0.0421507
0.739024 1.26667 -0.0214657 0.209187 -0.0426566
0.766458 1.26667 -0.0212368 0.263494 -0.0422463
0.789216 1.26667 -0.0208469 0.308544 -0.0415099
0.813031 1.26667 -0.0200959 0.355689 -0.0400602
0.841192 1.26667 -0.0190996 0.411435 -0.0381318
0.859455 1.26667 -0.0182944 0.44759 -0.0365661
0.893621 1.26667 -0.0166237 0.515226 -0.0333119
0.905767 1.26667 -0.0159482 0.53927 -0.0319937
0.946184 1.26667 -0.0135852 0.619282 -0.0273789
0.952302 1.26667 -0.0132078 0.631393 -0.0266414
0.995611 1.26667 -0.0104699 0.71713 -0.0212889
0.998166 1.26667 -0.0103087 0.722188 -0.0209737
0.998527 1.26667 -0.0102855 0.722902 -0.0209283
1.04202 1.26667 -0.00743469 0.809012 -0.0153526
1.05058 1.26667 -0.00686615 0.825944 -0.0142405
1.08517 1.26667 -0.00453292 0.894418 -0.00967547
1.09726 1.26667 -0.00370584 0.918358 -0.00805703
1.1385 1.26667 0.00039668 1 1.07312e-19
ZONE T="<greek>h</greek> = 0.735689 ", I= 45, F=POINT
1.11911 1.33333 0.0062983 1 -1.91687e-18
1.14819 1.33333 0.000605323 1.06407 -0.0134746
1.1144 1.33333 -0.00263179 0.989314 -0.0195886
1.10291 1.33333 -0.00379065 0.96388 -0.0217959
1.09688 1.33333 -0.00420225 0.950557 -0.0225202
1.05995 1.33333 -0.0066895 0.86887 -0.0268804
1.04627 1.33333 -0.00759803 0.8386 -0.0284671
1.01516 1.33333 -0.00962822 0.769808 -0.0319966
0.994682 1.33333 -0.0109445 0.724506 -0.0342752
0.968913 1.33333 -0.0125514 0.667512 -0.0370335
0.942382 1.33333 -0.0141555 0.608836 -0.039762
0.922462 1.33333 -0.0152741 0.564783 -0.0416211
0.88993 1.33333 -0.0169823 0.492841 -0.044395
0.876626 1.33333 -0.0175657 0.463423 -0.0452749
0.837425 1.33333 -0.0190935 0.376752 -0.0474452
0.830009 1.33333 -0.0193106 0.360356 -0.0476968
0.78678 1.33333 -0.0203231 0.264798 -0.0486045
0.784098 1.33333 -0.0203241 0.258872 -0.0485242
0.745792 1.33333 -0.020004 0.174234 -0.0466385
0.739967 1.33333 -0.0196208 0.161374 -0.0456125
0.70517 1.33333 -0.016983 0.0845618 -0.0387132
0.694642 1.33333 -0.0124854 0.0614343 -0.0284505
0.666667 1.33333 0 0 0
0.686553 1.33333 0.01721 0.0444741 0.0374186
0.689809 1.33333 0.0194957 0.0517396 0.0423693
0.718738 1.33333 0.0276231 0.115917 0.0594392
0.754244 1.33333 0.0337832 0.194566 0.0719595
0.762866 1.33333 0.0349125 0.213652 0.0741899
0.770729 1.33333 0.0353057 0.231041 0.0748168
0.810182 1.33333 0.0378776 0.318302 0.0792866
0.84331 1.33333 0.0377199 0.391504 0.0779189
0.853303 1.33333 0.0377587 0.413587 0.0776974
0.868307 1.33333 0.0370647 0.44672 0.0757022
0.895622 1.33333 0.0356855 0.507039 0.0718143
0.913521 1.33333 0.0342235 0.546548 0.0680329
0.938158 1.33333 0.0322899 0.60093 0.0630022
0.978867 1.33333 0.0279848 0.690755 0.0522366
0.980531 1.33333 0.0278061 0.694427 0.0517906
0.981484 1.33333 0.0276814 0.696528 0.0514856
1.02281 1.33333 0.0223439 0.787679 0.0384198
1.05008 1.33333 0.0182252 0.847818 0.0284793
1.0632 1.33333 0.0162585 0.876758 0.0237298
1.08444 1.33333 0.0126039 0.923582 0.0150005
1.10537 1.33333 0.00899309 0.969721 0.00637754
1.11911 1.33333 0.0062983 1 -5.7506e-18
ZONE T="<greek>h</greek> = 0.772473 ", I= 44, F=POINT
1.13266 1.4 0.00505843 1 0
1.15559 1.4 0.000572729 1.05287 -0.0109859
1.13226 1.4 -0.00170395 0.998897 -0.0156169
1.11361 1.4 -0.0035282 0.955745 -0.0193288
1.09999 1.4 -0.0044465 0.924238 -0.0210828
1.07152 1.4 -0.00637077 0.858397 -0.0247606
1.04676 1.4 -0.00800268 0.801125 -0.0278628
1.03108 1.4 -0.00902289 0.764872 -0.029797
0.990877 1.4 -0.0115813 0.671894 -0.0346231
0.985607 1.4 -0.0119036 0.659708 -0.0352256
0.946752 1.4 -0.0141851 0.569854 -0.0394482
0.939519 1.4 -0.0146113 0.553127 -0.0402378
0.93854 1.4 -0.0146661 0.550861 -0.0403379
0.89325 1.4 -0.0168624 0.446138 -0.0441899
0.886209 1.4 -0.0171676 0.42986 -0.044705
0.84723 1.4 -0.0184791 0.339744 -0.0466827
0.833712 1.4 -0.0188695 0.308494 -0.0472196
0.799617 1.4 -0.0191595 0.229693 -0.0469685
0.78459 1.4 -0.0191649 0.194966 -0.0465751
0.751631 1.4 -0.0173117 0.11885 -0.0414019
0.74063 1.4 -0.0165997 0.0934452 -0.0394593
0.705051 1.4 -0.00214376 0.0116149 -0.00509065
0.7 1.4 0 0 0
0.704392 1.4 0.00298129 0.0102292 0.00677102
0.727915 1.4 0.0206319 0.0650671 0.0469254
0.749645 1.4 0.0254916 0.115416 0.0575689
0.769295 1.4 0.0302186 0.160954 0.067962
0.803625 1.4 0.033833 0.240387 0.0753873
0.817082 1.4 0.0351111 0.271522 0.0779774
0.822992 1.4 0.035184 0.285182 0.077986
0.860934 1.4 0.036028 0.372886 0.0789114
0.894939 1.4 0.0348117 0.45144 0.0751819
0.903484 1.4 0.0345593 0.471179 0.0743676
0.916093 1.4 0.0336874 0.500294 0.0720122
0.945945 1.4 0.0315338 0.569222 0.0662286
0.965646 1.4 0.0295391 0.614699 0.0610865
0.98833 1.4 0.0273021 0.66706 0.0553041
1.02406 1.4 0.0228518 0.749512 0.0440541
1.03015 1.4 0.022085 0.763564 0.0421177
1.03379 1.4 0.0215426 0.771959 0.0407658
1.07181 1.4 0.0159226 0.859682 0.0267507
1.10143 1.4 0.010852 0.927996 0.0142324
1.11383 1.4 0.00873932 0.956576 0.00901528
1.13266 1.4 0.00505843 1 0
ZONE T="<greek>h</greek> = 0.809258 ", I= 41, F=POINT
1.15271 1.46667 0.00254212 1 0
1.163 1.46667 0.000540135 1.0245 -0.00492227
1.15254 1.46667 -0.000458762 0.999546 -0.00715286
1.12177 1.46667 -0.00343926 0.926155 -0.013815
1.0928 1.46667 -0.00539848 0.857042 -0.0180678
1.08638 1.46667 -0.00583025 0.841737 -0.0190046
1.07261 1.46667 -0.00673432 0.808888 -0.0209612
1.04877 1.46667 -0.00830201 0.752022 -0.0243547
1.03944 1.46667 -0.00890774 0.729753 -0.0256641
1.00244 1.46667 -0.0112364 0.641505 -0.0306818
0.987175 1.46667 -0.0121679 0.605088 -0.0326821
0.956328 1.46667 -0.0139111 0.531509 -0.0363929
0.934908 1.46667 -0.0150362 0.480421 -0.038766
0.910207 1.46667 -0.0160946 0.421506 -0.0409327
0.882447 1.46667 -0.0171413 0.355301 -0.0430271
0.863863 1.46667 -0.0175883 0.310982 -0.0438245
0.828079 1.46667 -0.018202 0.225649 -0.0447705
0.812896 1.46667 -0.017693 0.189455 -0.0433375
0.775053 1.46667 -0.0160243 0.0992461 -0.0388115
0.761763 1.46667 -0.0111785 0.067627 -0.027065
0.733333 1.46667 0 0 0
0.761457 1.46667 0.0187364 0.0673284 0.044269
0.766724 1.46667 0.0215911 0.0799284 0.0509995
0.781776 1.46667 0.024142 0.115856 0.0568645
0.818469 1.46667 0.0306602 0.203441 0.0718761
0.825105 1.46667 0.0317652 0.21928 0.0744149
0.853928 1.46667 0.0332091 0.288028 0.0774413
0.870301 1.46667 0.033985 0.327078 0.0790548
0.87577 1.46667 0.0338555 0.340118 0.0786668
0.911632 1.46667 0.0332512 0.425619 0.0767076
0.947049 1.46667 0.0310694 0.510035 0.0709934
0.953757 1.46667 0.0306879 0.526024 0.0699867
0.964045 1.46667 0.029752 0.550541 0.0676064
0.995943 1.46667 0.0267712 0.626556 0.0600381
1.01635 1.46667 0.0243012 0.675173 0.0538536
1.03782 1.46667 0.0217509 0.726336 0.0474624
1.0723 1.46667 0.0167679 0.808481 0.0350824
1.08002 1.46667 0.0156446 0.826864 0.0322924
1.08485 1.46667 0.0148234 0.838372 0.0302645
1.12151 1.46667 0.00862426 0.925698 0.0149533
1.15271 1.46667 0.00254212 1 1.03409e-18
ZONE T="<greek>h</greek> = 0.846042 ", I= 40, F=POINT
1.13428 1.53333 0.00751483 1 2.35892e-18
1.1704 1.53333 0.00050754 1.09782 -0.0210609
1.13345 1.53333 -0.00296589 0.997134 -0.0284512
1.12798 1.53333 -0.00348461 0.982239 -0.0295578
1.1198 1.53333 -0.00403274 0.959985 -0.0305939
1.0848 1.53333 -0.00638189 0.864663 -0.0350355
1.06786 1.53333 -0.00748489 0.818554 -0.0370934
1.03536 1.53333 -0.00957757 0.730052 -0.0409767
1.01887 1.53333 -0.0105952 0.685174 -0.0428276
0.983837 1.53333 -0.0126716 0.589797 -0.0465262
0.972661 1.53333 -0.0132636 0.559378 -0.0475145
0.931948 1.53333 -0.0152011 0.448567 -0.0505198
0.926753 1.53333 -0.0153934 0.434432 -0.0507541
0.903197 1.53333 -0.0161196 0.370339 -0.0514193
0.883174 1.53333 -0.016752 0.31586 -0.0520258
0.877889 1.53333 -0.0168698 0.301484 -0.0520524
0.848471 1.53333 -0.0170196 0.221486 -0.0508247
0.819902 1.53333 -0.0156787 0.14388 -0.0455905
0.80814 1.53333 -0.0152884 0.111918 -0.0438757
0.770287 1.53333 -0.00130896 0.00977139 -0.0037604
0.766667 1.53333 0 0 0
0.770665 1.53333 0.00239373 0.0110034 0.00628654
0.807475 1.53333 0.0228127 0.11223 0.0597612
0.818115 1.53333 0.0245918 0.141258 0.0640074
0.845349 1.53333 0.0290771 0.21556 0.0746895
0.863614 1.53333 0.0303246 0.265293 0.0770663
0.878317 1.53333 0.0314686 0.305334 0.0793597
0.903278 1.53333 0.0317352 0.37322 0.0786973
0.919433 1.53333 0.031758 0.417149 0.0778613
0.929683 1.53333 0.031218 0.444988 0.0758232
0.961622 1.53333 0.0297179 0.531751 0.069969
0.998301 1.53333 0.0266044 0.631311 0.0594645
1.00367 1.53333 0.026168 0.645897 0.0579791
1.01184 1.53333 0.0252485 0.668048 0.0550252
1.04497 1.53333 0.0214536 0.757923 0.0428651
1.06596 1.53333 0.0184835 0.81483 0.0336224
1.08691 1.53333 0.0155573 0.87162 0.0245017
1.1208 1.53333 0.00991344 0.963454 0.0072718
1.12903 1.53333 0.00853627 0.985766 0.00306952
1.13428 1.53333 0.00751483 1 7.07675e-18
ZONE T="<greek>h</greek> = 0.882827 ", I= 37, F=POINT
1.16684 1.6 0.00259781 1 0
1.17781 1.6 0.000474946 1.02985 -0.00599827
1.16355 1.6 -0.000789889 0.990959 -0.00917075
1.12954 1.6 -0.00384396 0.898188 -0.0168391
1.11764 1.6 -0.00463876 0.865754 -0.018776
1.08283 1.6 -0.00694792 0.770808 -0.0243984
1.0806 1.6 -0.00709156 0.764738 -0.024747
1.05907 1.6 -0.00845714 0.706014 -0.0280536
1.03476 1.6 -0.0100014 0.639719 -0.0317937
1.03185 1.6 -0.0101802 0.631796 -0.0322251
0.989557 1.6 -0.0125872 0.516459 -0.0379698
0.980862 1.6 -0.0130455 0.492748 -0.0390512
0.946421 1.6 -0.0145198 0.398838 -0.0424049
0.934147 1.6 -0.0149642 0.365374 -0.0433795
0.909396 1.6 -0.0156383 0.297894 -0.0447392
0.88248 1.6 -0.0159806 0.224518 -0.0451526
0.868371 1.6 -0.0156007 0.186066 -0.0438448
0.841097 1.6 -0.0145167 0.111744 -0.0403635
0.826185 1.6 -0.009247 0.0711968 -0.0257113
0.8 1.6 0 0 0
0.825928 1.6 0.0141125 0.0709484 0.0379678
0.837712 1.6 0.0212134 0.103207 0.0570963
0.855089 1.6 0.0240764 0.150629 0.064565
0.886272 1.6 0.0283534 0.23571 0.0756214
0.91267 1.6 0.0291945 0.307683 0.0774046
0.927794 1.6 0.0299075 0.348924 0.0790563
0.955413 1.6 0.0291071 0.424193 0.0763414
0.969601 1.6 0.0286093 0.462858 0.0747106
0.978794 1.6 0.0278918 0.487903 0.0725772
1.01141 1.6 0.0254815 0.576774 0.0653776
1.04768 1.6 0.0215673 0.675551 0.0540079
1.0529 1.6 0.0210182 0.689782 0.0524105
1.06073 1.6 0.01996 0.711094 0.0493748
1.09435 1.6 0.0153668 0.802638 0.0362056
1.11638 1.6 0.0117343 0.862635 0.0258785
1.13693 1.6 0.00837476 0.918585 0.0163244
1.16684 1.6 0.00259781 1 -4.7287e-18
